Distance in bp(Fragment Length Estimate: 100)(Peak Width Estimate: 100)	Same Strand (+ for Watson strand, - for Crick)	Opposite Strand
-2000	161.0	43.0
-1999	170.0	37.0
-1998	145.0	53.0
-1997	162.0	36.0
-1996	96.0	44.0
-1995	135.0	35.0
-1994	151.0	35.0
-1993	162.0	42.0
-1992	165.0	36.0
-1991	160.0	30.0
-1990	147.0	56.0
-1989	159.0	47.0
-1988	134.0	47.0
-1987	164.0	28.0
-1986	143.0	46.0
-1985	189.0	33.0
-1984	123.0	42.0
-1983	189.0	44.0
-1982	133.0	46.0
-1981	153.0	34.0
-1980	151.0	58.0
-1979	160.0	41.0
-1978	141.0	35.0
-1977	173.0	41.0
-1976	175.0	50.0
-1975	191.0	56.0
-1974	171.0	55.0
-1973	181.0	35.0
-1972	160.0	59.0
-1971	202.0	64.0
-1970	167.0	72.0
-1969	197.0	60.0
-1968	182.0	62.0
-1967	176.0	64.0
-1966	169.0	56.0
-1965	197.0	64.0
-1964	150.0	73.0
-1963	201.0	52.0
-1962	205.0	74.0
-1961	207.0	56.0
-1960	158.0	68.0
-1959	200.0	78.0
-1958	182.0	83.0
-1957	223.0	84.0
-1956	181.0	99.0
-1955	178.0	72.0
-1954	162.0	88.0
-1953	150.0	89.0
-1952	167.0	84.0
-1951	173.0	75.0
-1950	169.0	84.0
-1949	163.0	59.0
-1948	135.0	83.0
-1947	127.0	77.0
-1946	134.0	75.0
-1945	123.0	72.0
-1944	141.0	81.0
-1943	166.0	76.0
-1942	137.0	82.0
-1941	151.0	62.0
-1940	161.0	62.0
-1939	121.0	79.0
-1938	132.0	91.0
-1937	109.0	54.0
-1936	106.0	74.0
-1935	105.0	84.0
-1934	121.0	92.0
-1933	134.0	67.0
-1932	140.0	87.0
-1931	102.0	85.0
-1930	89.0	101.0
-1929	89.0	81.0
-1928	119.0	90.0
-1927	100.0	74.0
-1926	96.0	86.0
-1925	102.0	85.0
-1924	107.0	98.0
-1923	99.0	104.0
-1922	142.0	92.0
-1921	100.0	81.0
-1920	179.0	86.0
-1919	90.0	106.0
-1918	83.0	93.0
-1917	148.0	85.0
-1916	105.0	98.0
-1915	109.0	92.0
-1914	124.0	93.0
-1913	98.0	116.0
-1912	86.0	105.0
-1911	96.0	90.0
-1910	101.0	86.0
-1909	119.0	93.0
-1908	76.0	84.0
-1907	104.0	81.0
-1906	83.0	96.0
-1905	89.0	92.0
-1904	106.0	85.0
-1903	94.0	91.0
-1902	155.0	87.0
-1901	119.0	82.0
-1900	102.0	94.0
-1899	188.0	92.0
-1898	88.0	108.0
-1897	87.0	84.0
-1896	117.0	116.0
-1895	96.0	89.0
-1894	86.0	132.0
-1893	104.0	90.0
-1892	81.0	102.0
-1891	117.0	101.0
-1890	112.0	83.0
-1889	101.0	129.0
-1888	106.0	117.0
-1887	93.0	99.0
-1886	72.0	120.0
-1885	83.0	119.0
-1884	122.0	124.0
-1883	90.0	139.0
-1882	96.0	105.0
-1881	119.0	122.0
-1880	129.0	133.0
-1879	96.0	147.0
-1878	166.0	144.0
-1877	105.0	141.0
-1876	123.0	145.0
-1875	114.0	143.0
-1874	145.0	128.0
-1873	132.0	150.0
-1872	146.0	145.0
-1871	133.0	142.0
-1870	146.0	144.0
-1869	133.0	164.0
-1868	117.0	146.0
-1867	145.0	112.0
-1866	145.0	146.0
-1865	136.0	97.0
-1864	127.0	112.0
-1863	131.0	90.0
-1862	146.0	126.0
-1861	173.0	106.0
-1860	164.0	88.0
-1859	180.0	100.0
-1858	157.0	85.0
-1857	123.0	72.0
-1856	137.0	90.0
-1855	127.0	80.0
-1854	147.0	93.0
-1853	141.0	92.0
-1852	123.0	95.0
-1851	129.0	83.0
-1850	140.0	94.0
-1849	146.0	108.0
-1848	124.0	91.0
-1847	156.0	92.0
-1846	121.0	102.0
-1845	130.0	89.0
-1844	101.0	98.0
-1843	130.0	92.0
-1842	110.0	104.0
-1841	132.0	96.0
-1840	115.0	80.0
-1839	139.0	94.0
-1838	125.0	108.0
-1837	116.0	85.0
-1836	118.0	101.0
-1835	133.0	93.0
-1834	120.0	77.0
-1833	130.0	102.0
-1832	124.0	85.0
-1831	156.0	98.0
-1830	115.0	90.0
-1829	132.0	94.0
-1828	136.0	84.0
-1827	132.0	92.0
-1826	130.0	88.0
-1825	141.0	112.0
-1824	177.0	96.0
-1823	150.0	89.0
-1822	125.0	87.0
-1821	130.0	104.0
-1820	221.0	99.0
-1819	141.0	107.0
-1818	132.0	94.0
-1817	133.0	90.0
-1816	126.0	87.0
-1815	123.0	107.0
-1814	151.0	105.0
-1813	132.0	115.0
-1812	110.0	95.0
-1811	132.0	86.0
-1810	104.0	96.0
-1809	134.0	100.0
-1808	147.0	119.0
-1807	136.0	125.0
-1806	136.0	110.0
-1805	131.0	87.0
-1804	126.0	90.0
-1803	139.0	106.0
-1802	142.0	98.0
-1801	120.0	104.0
-1800	129.0	88.0
-1799	129.0	83.0
-1798	98.0	97.0
-1797	135.0	90.0
-1796	93.0	104.0
-1795	144.0	98.0
-1794	146.0	92.0
-1793	133.0	78.0
-1792	98.0	73.0
-1791	139.0	70.0
-1790	158.0	97.0
-1789	164.0	101.0
-1788	122.0	91.0
-1787	124.0	104.0
-1786	129.0	127.0
-1785	140.0	121.0
-1784	128.0	126.0
-1783	126.0	123.0
-1782	141.0	119.0
-1781	104.0	111.0
-1780	109.0	89.0
-1779	118.0	117.0
-1778	135.0	113.0
-1777	140.0	94.0
-1776	129.0	94.0
-1775	100.0	101.0
-1774	100.0	76.0
-1773	112.0	101.0
-1772	102.0	72.0
-1771	126.0	79.0
-1770	112.0	85.0
-1769	99.0	98.0
-1768	134.0	125.0
-1767	133.0	92.0
-1766	104.0	103.0
-1765	117.0	95.0
-1764	66.0	105.0
-1763	103.0	103.0
-1762	69.0	106.0
-1761	83.0	127.0
-1760	93.0	112.0
-1759	94.0	119.0
-1758	109.0	110.0
-1757	89.0	125.0
-1756	94.0	120.0
-1755	99.0	117.0
-1754	76.0	115.0
-1753	99.0	106.0
-1752	89.0	116.0
-1751	88.0	159.0
-1750	80.0	139.0
-1749	85.0	162.0
-1748	101.0	130.0
-1747	103.0	124.0
-1746	82.0	166.0
-1745	89.0	155.0
-1744	78.0	161.0
-1743	78.0	155.0
-1742	100.0	161.0
-1741	95.0	188.0
-1740	81.0	172.0
-1739	96.0	154.0
-1738	113.0	150.0
-1737	84.0	132.0
-1736	100.0	133.0
-1735	99.0	146.0
-1734	106.0	166.0
-1733	106.0	162.0
-1732	86.0	128.0
-1731	85.0	177.0
-1730	78.0	162.0
-1729	92.0	134.0
-1728	92.0	114.0
-1727	102.0	162.0
-1726	84.0	132.0
-1725	124.0	121.0
-1724	108.0	168.0
-1723	99.0	127.0
-1722	112.0	152.0
-1721	106.0	158.0
-1720	121.0	141.0
-1719	111.0	161.0
-1718	139.0	162.0
-1717	125.0	115.0
-1716	118.0	117.0
-1715	130.0	135.0
-1714	119.0	152.0
-1713	132.0	156.0
-1712	124.0	149.0
-1711	146.0	156.0
-1710	126.0	154.0
-1709	146.0	171.0
-1708	101.0	125.0
-1707	156.0	137.0
-1706	122.0	109.0
-1705	119.0	115.0
-1704	119.0	121.0
-1703	115.0	125.0
-1702	122.0	114.0
-1701	109.0	108.0
-1700	136.0	96.0
-1699	117.0	102.0
-1698	128.0	95.0
-1697	117.0	98.0
-1696	99.0	103.0
-1695	133.0	108.0
-1694	121.0	103.0
-1693	138.0	105.0
-1692	117.0	116.0
-1691	128.0	101.0
-1690	139.0	113.0
-1689	112.0	124.0
-1688	104.0	114.0
-1687	125.0	155.0
-1686	121.0	127.0
-1685	121.0	113.0
-1684	108.0	126.0
-1683	107.0	140.0
-1682	95.0	122.0
-1681	106.0	110.0
-1680	109.0	136.0
-1679	128.0	112.0
-1678	129.0	127.0
-1677	125.0	157.0
-1676	113.0	115.0
-1675	119.0	134.0
-1674	111.0	119.0
-1673	114.0	98.0
-1672	130.0	149.0
-1671	106.0	123.0
-1670	105.0	116.0
-1669	113.0	111.0
-1668	122.0	128.0
-1667	122.0	156.0
-1666	116.0	153.0
-1665	108.0	150.0
-1664	97.0	172.0
-1663	96.0	170.0
-1662	110.0	146.0
-1661	105.0	153.0
-1660	107.0	165.0
-1659	108.0	137.0
-1658	115.0	139.0
-1657	106.0	137.0
-1656	113.0	157.0
-1655	98.0	148.0
-1654	125.0	123.0
-1653	106.0	136.0
-1652	124.0	123.0
-1651	109.0	136.0
-1650	107.0	131.0
-1649	101.0	132.0
-1648	108.0	134.0
-1647	112.0	154.0
-1646	102.0	118.0
-1645	87.0	107.0
-1644	115.0	136.0
-1643	115.0	138.0
-1642	114.0	102.0
-1641	131.0	126.0
-1640	96.0	142.0
-1639	77.0	129.0
-1638	134.0	116.0
-1637	79.0	134.0
-1636	86.0	113.0
-1635	110.0	89.0
-1634	117.0	101.0
-1633	97.0	111.0
-1632	93.0	116.0
-1631	136.0	127.0
-1630	130.0	115.0
-1629	108.0	139.0
-1628	68.0	121.0
-1627	79.0	98.0
-1626	105.0	101.0
-1625	87.0	99.0
-1624	91.0	99.0
-1623	98.0	114.0
-1622	75.0	94.0
-1621	108.0	97.0
-1620	115.0	84.0
-1619	87.0	102.0
-1618	84.0	98.0
-1617	73.0	79.0
-1616	65.0	80.0
-1615	100.0	85.0
-1614	89.0	89.0
-1613	114.0	103.0
-1612	82.0	87.0
-1611	76.0	114.0
-1610	81.0	100.0
-1609	56.0	75.0
-1608	98.0	65.0
-1607	96.0	68.0
-1606	77.0	86.0
-1605	82.0	64.0
-1604	80.0	82.0
-1603	109.0	79.0
-1602	91.0	72.0
-1601	92.0	58.0
-1600	68.0	63.0
-1599	81.0	80.0
-1598	77.0	69.0
-1597	90.0	79.0
-1596	100.0	70.0
-1595	116.0	75.0
-1594	111.0	81.0
-1593	95.0	92.0
-1592	67.0	86.0
-1591	75.0	66.0
-1590	101.0	83.0
-1589	104.0	93.0
-1588	108.0	110.0
-1587	82.0	91.0
-1586	91.0	94.0
-1585	100.0	77.0
-1584	83.0	72.0
-1583	98.0	110.0
-1582	82.0	83.0
-1581	94.0	67.0
-1580	88.0	69.0
-1579	115.0	72.0
-1578	110.0	91.0
-1577	101.0	76.0
-1576	101.0	84.0
-1575	79.0	72.0
-1574	96.0	78.0
-1573	102.0	66.0
-1572	89.0	87.0
-1571	81.0	103.0
-1570	78.0	102.0
-1569	73.0	110.0
-1568	78.0	87.0
-1567	98.0	87.0
-1566	97.0	105.0
-1565	81.0	101.0
-1564	87.0	100.0
-1563	70.0	92.0
-1562	73.0	87.0
-1561	81.0	101.0
-1560	90.0	100.0
-1559	82.0	99.0
-1558	98.0	84.0
-1557	80.0	101.0
-1556	68.0	84.0
-1555	79.0	81.0
-1554	68.0	76.0
-1553	69.0	95.0
-1552	55.0	102.0
-1551	54.0	91.0
-1550	90.0	87.0
-1549	82.0	91.0
-1548	76.0	86.0
-1547	73.0	89.0
-1546	68.0	73.0
-1545	77.0	81.0
-1544	75.0	90.0
-1543	75.0	95.0
-1542	56.0	83.0
-1541	68.0	99.0
-1540	73.0	119.0
-1539	58.0	105.0
-1538	68.0	100.0
-1537	61.0	106.0
-1536	67.0	79.0
-1535	64.0	81.0
-1534	46.0	89.0
-1533	89.0	89.0
-1532	73.0	96.0
-1531	55.0	87.0
-1530	82.0	117.0
-1529	70.0	95.0
-1528	63.0	107.0
-1527	62.0	90.0
-1526	79.0	146.0
-1525	69.0	107.0
-1524	76.0	93.0
-1523	78.0	108.0
-1522	54.0	104.0
-1521	51.0	95.0
-1520	79.0	98.0
-1519	64.0	98.0
-1518	67.0	95.0
-1517	63.0	110.0
-1516	68.0	81.0
-1515	56.0	86.0
-1514	83.0	87.0
-1513	58.0	115.0
-1512	69.0	88.0
-1511	73.0	82.0
-1510	64.0	74.0
-1509	71.0	66.0
-1508	69.0	104.0
-1507	73.0	87.0
-1506	65.0	83.0
-1505	63.0	72.0
-1504	60.0	82.0
-1503	66.0	98.0
-1502	71.0	86.0
-1501	65.0	75.0
-1500	76.0	82.0
-1499	76.0	71.0
-1498	62.0	88.0
-1497	71.0	110.0
-1496	59.0	88.0
-1495	58.0	84.0
-1494	59.0	87.0
-1493	45.0	87.0
-1492	48.0	87.0
-1491	48.0	110.0
-1490	57.0	91.0
-1489	40.0	100.0
-1488	50.0	86.0
-1487	47.0	97.0
-1486	56.0	111.0
-1485	56.0	117.0
-1484	54.0	90.0
-1483	50.0	90.0
-1482	58.0	99.0
-1481	38.0	107.0
-1480	44.0	115.0
-1479	52.0	81.0
-1478	93.0	108.0
-1477	29.0	92.0
-1476	52.0	74.0
-1475	38.0	74.0
-1474	31.0	96.0
-1473	40.0	83.0
-1472	43.0	102.0
-1471	29.0	98.0
-1470	35.0	92.0
-1469	39.0	96.0
-1468	45.0	104.0
-1467	34.0	94.0
-1466	44.0	108.0
-1465	43.0	104.0
-1464	34.0	124.0
-1463	37.0	116.0
-1462	29.0	111.0
-1461	25.0	93.0
-1460	43.0	89.0
-1459	35.0	69.0
-1458	52.0	105.0
-1457	47.0	112.0
-1456	54.0	103.0
-1455	42.0	80.0
-1454	28.0	75.0
-1453	31.0	94.0
-1452	28.0	103.0
-1451	27.0	90.0
-1450	41.0	102.0
-1449	38.0	104.0
-1448	32.0	84.0
-1447	28.0	78.0
-1446	37.0	98.0
-1445	35.0	87.0
-1444	29.0	109.0
-1443	33.0	74.0
-1442	42.0	86.0
-1441	27.0	77.0
-1440	28.0	65.0
-1439	29.0	51.0
-1438	30.0	68.0
-1437	32.0	56.0
-1436	32.0	41.0
-1435	36.0	53.0
-1434	21.0	64.0
-1433	26.0	57.0
-1432	23.0	65.0
-1431	30.0	63.0
-1430	47.0	73.0
-1429	37.0	64.0
-1428	30.0	62.0
-1427	24.0	73.0
-1426	24.0	59.0
-1425	19.0	73.0
-1424	28.0	62.0
-1423	35.0	55.0
-1422	40.0	125.0
-1421	28.0	53.0
-1420	38.0	53.0
-1419	26.0	51.0
-1418	23.0	62.0
-1417	41.0	79.0
-1416	18.0	59.0
-1415	31.0	70.0
-1414	32.0	57.0
-1413	42.0	40.0
-1412	42.0	50.0
-1411	50.0	61.0
-1410	35.0	49.0
-1409	30.0	67.0
-1408	30.0	44.0
-1407	26.0	42.0
-1406	31.0	61.0
-1405	37.0	54.0
-1404	26.0	53.0
-1403	43.0	45.0
-1402	36.0	67.0
-1401	67.0	44.0
-1400	39.0	48.0
-1399	43.0	59.0
-1398	31.0	48.0
-1397	32.0	42.0
-1396	38.0	40.0
-1395	40.0	42.0
-1394	37.0	36.0
-1393	53.0	40.0
-1392	43.0	53.0
-1391	39.0	44.0
-1390	71.0	52.0
-1389	58.0	57.0
-1388	35.0	53.0
-1387	50.0	40.0
-1386	68.0	57.0
-1385	46.0	53.0
-1384	43.0	44.0
-1383	36.0	45.0
-1382	73.0	56.0
-1381	56.0	43.0
-1380	70.0	50.0
-1379	65.0	46.0
-1378	50.0	48.0
-1377	57.0	69.0
-1376	51.0	50.0
-1375	68.0	34.0
-1374	52.0	56.0
-1373	69.0	52.0
-1372	93.0	58.0
-1371	49.0	59.0
-1370	72.0	62.0
-1369	68.0	58.0
-1368	59.0	52.0
-1367	48.0	59.0
-1366	47.0	70.0
-1365	71.0	81.0
-1364	78.0	62.0
-1363	92.0	61.0
-1362	67.0	80.0
-1361	95.0	64.0
-1360	64.0	69.0
-1359	59.0	65.0
-1358	56.0	70.0
-1357	80.0	63.0
-1356	44.0	59.0
-1355	56.0	55.0
-1354	70.0	62.0
-1353	116.0	71.0
-1352	97.0	96.0
-1351	108.0	82.0
-1350	113.0	46.0
-1349	70.0	78.0
-1348	84.0	58.0
-1347	61.0	45.0
-1346	72.0	62.0
-1345	70.0	56.0
-1344	78.0	183.0
-1343	81.0	39.0
-1342	120.0	41.0
-1341	133.0	38.0
-1340	88.0	52.0
-1339	81.0	50.0
-1338	71.0	45.0
-1337	67.0	55.0
-1336	76.0	44.0
-1335	86.0	55.0
-1334	80.0	50.0
-1333	98.0	52.0
-1332	92.0	54.0
-1331	79.0	46.0
-1330	95.0	35.0
-1329	91.0	44.0
-1328	86.0	43.0
-1327	98.0	44.0
-1326	84.0	46.0
-1325	97.0	47.0
-1324	86.0	45.0
-1323	96.0	52.0
-1322	105.0	39.0
-1321	109.0	39.0
-1320	96.0	34.0
-1319	86.0	36.0
-1318	93.0	51.0
-1317	87.0	49.0
-1316	105.0	55.0
-1315	97.0	50.0
-1314	97.0	43.0
-1313	109.0	47.0
-1312	79.0	58.0
-1311	90.0	44.0
-1310	88.0	37.0
-1309	116.0	29.0
-1308	103.0	49.0
-1307	93.0	52.0
-1306	108.0	50.0
-1305	75.0	45.0
-1304	74.0	52.0
-1303	88.0	47.0
-1302	99.0	57.0
-1301	143.0	37.0
-1300	80.0	37.0
-1299	89.0	36.0
-1298	88.0	62.0
-1297	95.0	53.0
-1296	109.0	73.0
-1295	88.0	45.0
-1294	84.0	53.0
-1293	95.0	55.0
-1292	79.0	54.0
-1291	138.0	67.0
-1290	82.0	63.0
-1289	86.0	55.0
-1288	89.0	49.0
-1287	92.0	55.0
-1286	103.0	49.0
-1285	99.0	46.0
-1284	75.0	49.0
-1283	92.0	55.0
-1282	108.0	59.0
-1281	102.0	71.0
-1280	78.0	53.0
-1279	74.0	57.0
-1278	80.0	56.0
-1277	82.0	70.0
-1276	79.0	65.0
-1275	78.0	63.0
-1274	82.0	66.0
-1273	71.0	65.0
-1272	83.0	67.0
-1271	83.0	74.0
-1270	71.0	67.0
-1269	76.0	86.0
-1268	94.0	71.0
-1267	71.0	91.0
-1266	83.0	71.0
-1265	96.0	76.0
-1264	57.0	73.0
-1263	105.0	68.0
-1262	68.0	73.0
-1261	69.0	68.0
-1260	157.0	78.0
-1259	59.0	71.0
-1258	59.0	100.0
-1257	53.0	104.0
-1256	76.0	101.0
-1255	72.0	108.0
-1254	67.0	100.0
-1253	85.0	80.0
-1252	55.0	94.0
-1251	67.0	138.0
-1250	64.0	83.0
-1249	80.0	107.0
-1248	90.0	122.0
-1247	73.0	96.0
-1246	92.0	137.0
-1245	56.0	107.0
-1244	53.0	111.0
-1243	94.0	91.0
-1242	67.0	99.0
-1241	107.0	93.0
-1240	84.0	95.0
-1239	65.0	123.0
-1238	68.0	117.0
-1237	79.0	90.0
-1236	97.0	103.0
-1235	69.0	107.0
-1234	91.0	98.0
-1233	70.0	96.0
-1232	65.0	104.0
-1231	76.0	95.0
-1230	154.0	106.0
-1229	93.0	101.0
-1228	102.0	134.0
-1227	115.0	117.0
-1226	103.0	111.0
-1225	87.0	114.0
-1224	105.0	104.0
-1223	92.0	94.0
-1222	96.0	99.0
-1221	93.0	97.0
-1220	122.0	117.0
-1219	131.0	104.0
-1218	129.0	105.0
-1217	119.0	113.0
-1216	107.0	122.0
-1215	90.0	109.0
-1214	142.0	86.0
-1213	99.0	84.0
-1212	108.0	81.0
-1211	123.0	90.0
-1210	98.0	91.0
-1209	121.0	101.0
-1208	88.0	88.0
-1207	106.0	109.0
-1206	133.0	105.0
-1205	142.0	94.0
-1204	136.0	76.0
-1203	150.0	79.0
-1202	118.0	101.0
-1201	130.0	107.0
-1200	128.0	93.0
-1199	128.0	91.0
-1198	129.0	85.0
-1197	139.0	114.0
-1196	132.0	101.0
-1195	173.0	91.0
-1194	147.0	85.0
-1193	144.0	76.0
-1192	155.0	88.0
-1191	142.0	87.0
-1190	155.0	73.0
-1189	147.0	87.0
-1188	129.0	97.0
-1187	141.0	89.0
-1186	137.0	89.0
-1185	137.0	90.0
-1184	142.0	81.0
-1183	135.0	89.0
-1182	153.0	85.0
-1181	146.0	79.0
-1180	144.0	94.0
-1179	139.0	92.0
-1178	136.0	88.0
-1177	135.0	84.0
-1176	132.0	74.0
-1175	182.0	95.0
-1174	127.0	106.0
-1173	128.0	74.0
-1172	129.0	67.0
-1171	135.0	86.0
-1170	146.0	62.0
-1169	142.0	80.0
-1168	153.0	67.0
-1167	165.0	65.0
-1166	126.0	66.0
-1165	133.0	65.0
-1164	122.0	63.0
-1163	153.0	56.0
-1162	121.0	58.0
-1161	132.0	68.0
-1160	128.0	71.0
-1159	128.0	67.0
-1158	150.0	71.0
-1157	140.0	68.0
-1156	128.0	63.0
-1155	161.0	56.0
-1154	133.0	50.0
-1153	129.0	70.0
-1152	137.0	63.0
-1151	139.0	66.0
-1150	138.0	68.0
-1149	131.0	78.0
-1148	181.0	62.0
-1147	165.0	59.0
-1146	128.0	77.0
-1145	139.0	62.0
-1144	125.0	84.0
-1143	142.0	66.0
-1142	126.0	73.0
-1141	153.0	93.0
-1140	128.0	69.0
-1139	106.0	89.0
-1138	110.0	96.0
-1137	122.0	68.0
-1136	123.0	70.0
-1135	119.0	71.0
-1134	94.0	87.0
-1133	113.0	70.0
-1132	100.0	74.0
-1131	104.0	70.0
-1130	78.0	62.0
-1129	90.0	72.0
-1128	92.0	95.0
-1127	78.0	88.0
-1126	80.0	96.0
-1125	93.0	95.0
-1124	78.0	99.0
-1123	84.0	119.0
-1122	88.0	111.0
-1121	85.0	94.0
-1120	82.0	102.0
-1119	88.0	99.0
-1118	67.0	114.0
-1117	72.0	117.0
-1116	69.0	143.0
-1115	82.0	147.0
-1114	77.0	154.0
-1113	84.0	136.0
-1112	80.0	121.0
-1111	79.0	152.0
-1110	72.0	123.0
-1109	63.0	111.0
-1108	113.0	110.0
-1107	73.0	114.0
-1106	106.0	106.0
-1105	89.0	114.0
-1104	81.0	85.0
-1103	84.0	117.0
-1102	89.0	119.0
-1101	84.0	95.0
-1100	100.0	99.0
-1099	86.0	108.0
-1098	75.0	125.0
-1097	79.0	128.0
-1096	81.0	111.0
-1095	94.0	134.0
-1094	89.0	144.0
-1093	102.0	142.0
-1092	102.0	129.0
-1091	93.0	151.0
-1090	78.0	133.0
-1089	119.0	146.0
-1088	89.0	149.0
-1087	109.0	136.0
-1086	144.0	120.0
-1085	99.0	107.0
-1084	125.0	136.0
-1083	90.0	117.0
-1082	134.0	128.0
-1081	93.0	137.0
-1080	97.0	118.0
-1079	123.0	116.0
-1078	135.0	123.0
-1077	119.0	134.0
-1076	162.0	134.0
-1075	110.0	133.0
-1074	135.0	160.0
-1073	148.0	137.0
-1072	136.0	158.0
-1071	154.0	129.0
-1070	145.0	146.0
-1069	166.0	160.0
-1068	151.0	180.0
-1067	159.0	154.0
-1066	151.0	169.0
-1065	132.0	142.0
-1064	161.0	145.0
-1063	175.0	158.0
-1062	139.0	152.0
-1061	146.0	138.0
-1060	137.0	133.0
-1059	129.0	143.0
-1058	161.0	163.0
-1057	168.0	150.0
-1056	162.0	142.0
-1055	153.0	117.0
-1054	163.0	129.0
-1053	149.0	145.0
-1052	159.0	120.0
-1051	143.0	138.0
-1050	167.0	125.0
-1049	149.0	154.0
-1048	152.0	127.0
-1047	205.0	146.0
-1046	168.0	125.0
-1045	152.0	113.0
-1044	178.0	115.0
-1043	202.0	122.0
-1042	171.0	111.0
-1041	175.0	119.0
-1040	181.0	109.0
-1039	181.0	130.0
-1038	175.0	139.0
-1037	186.0	126.0
-1036	165.0	110.0
-1035	148.0	90.0
-1034	190.0	116.0
-1033	159.0	146.0
-1032	292.0	120.0
-1031	190.0	112.0
-1030	188.0	92.0
-1029	204.0	113.0
-1028	203.0	94.0
-1027	203.0	95.0
-1026	214.0	76.0
-1025	205.0	88.0
-1024	205.0	91.0
-1023	194.0	98.0
-1022	209.0	95.0
-1021	225.0	93.0
-1020	226.0	72.0
-1019	224.0	70.0
-1018	186.0	79.0
-1017	177.0	84.0
-1016	196.0	92.0
-1015	180.0	76.0
-1014	191.0	82.0
-1013	173.0	72.0
-1012	166.0	76.0
-1011	176.0	62.0
-1010	160.0	69.0
-1009	180.0	61.0
-1008	179.0	78.0
-1007	165.0	79.0
-1006	152.0	83.0
-1005	174.0	81.0
-1004	166.0	76.0
-1003	130.0	75.0
-1002	148.0	61.0
-1001	153.0	75.0
-1000	136.0	71.0
-999	139.0	106.0
-998	153.0	84.0
-997	168.0	91.0
-996	156.0	75.0
-995	157.0	74.0
-994	143.0	77.0
-993	133.0	86.0
-992	123.0	107.0
-991	124.0	93.0
-990	114.0	91.0
-989	125.0	83.0
-988	119.0	81.0
-987	141.0	86.0
-986	143.0	89.0
-985	126.0	87.0
-984	194.0	79.0
-983	168.0	88.0
-982	146.0	103.0
-981	168.0	88.0
-980	173.0	97.0
-979	157.0	93.0
-978	141.0	85.0
-977	167.0	89.0
-976	143.0	99.0
-975	162.0	125.0
-974	151.0	103.0
-973	170.0	101.0
-972	140.0	113.0
-971	149.0	115.0
-970	153.0	111.0
-969	153.0	111.0
-968	152.0	127.0
-967	151.0	118.0
-966	140.0	149.0
-965	148.0	122.0
-964	131.0	130.0
-963	127.0	137.0
-962	144.0	146.0
-961	126.0	131.0
-960	120.0	148.0
-959	110.0	149.0
-958	120.0	133.0
-957	109.0	135.0
-956	131.0	133.0
-955	115.0	154.0
-954	119.0	184.0
-953	112.0	200.0
-952	114.0	178.0
-951	121.0	177.0
-950	125.0	180.0
-949	113.0	145.0
-948	104.0	178.0
-947	118.0	156.0
-946	117.0	199.0
-945	107.0	189.0
-944	112.0	158.0
-943	120.0	182.0
-942	116.0	196.0
-941	128.0	188.0
-940	148.0	213.0
-939	122.0	204.0
-938	139.0	159.0
-937	144.0	188.0
-936	130.0	170.0
-935	140.0	215.0
-934	151.0	184.0
-933	142.0	194.0
-932	155.0	153.0
-931	140.0	204.0
-930	146.0	196.0
-929	128.0	168.0
-928	152.0	195.0
-927	234.0	193.0
-926	182.0	203.0
-925	182.0	191.0
-924	166.0	167.0
-923	148.0	195.0
-922	221.0	172.0
-921	170.0	187.0
-920	177.0	205.0
-919	206.0	212.0
-918	173.0	237.0
-917	170.0	210.0
-916	188.0	179.0
-915	222.0	187.0
-914	190.0	177.0
-913	177.0	186.0
-912	172.0	197.0
-911	175.0	236.0
-910	200.0	209.0
-909	192.0	167.0
-908	176.0	178.0
-907	183.0	158.0
-906	181.0	179.0
-905	197.0	191.0
-904	190.0	182.0
-903	183.0	168.0
-902	192.0	191.0
-901	178.0	164.0
-900	177.0	175.0
-899	222.0	192.0
-898	166.0	158.0
-897	182.0	180.0
-896	185.0	217.0
-895	220.0	230.0
-894	207.0	168.0
-893	159.0	173.0
-892	248.0	155.0
-891	310.0	178.0
-890	209.0	152.0
-889	210.0	120.0
-888	218.0	128.0
-887	240.0	106.0
-886	222.0	128.0
-885	242.0	138.0
-884	234.0	122.0
-883	239.0	122.0
-882	225.0	125.0
-881	249.0	140.0
-880	269.0	123.0
-879	259.0	128.0
-878	249.0	163.0
-877	231.0	155.0
-876	244.0	177.0
-875	235.0	149.0
-874	248.0	146.0
-873	244.0	142.0
-872	228.0	115.0
-871	230.0	144.0
-870	216.0	176.0
-869	230.0	126.0
-868	238.0	133.0
-867	226.0	114.0
-866	217.0	134.0
-865	251.0	122.0
-864	222.0	136.0
-863	234.0	139.0
-862	224.0	126.0
-861	213.0	130.0
-860	222.0	128.0
-859	222.0	148.0
-858	197.0	126.0
-857	215.0	143.0
-856	255.0	141.0
-855	235.0	145.0
-854	285.0	130.0
-853	274.0	167.0
-852	236.0	146.0
-851	231.0	164.0
-850	234.0	171.0
-849	244.0	172.0
-848	220.0	174.0
-847	234.0	181.0
-846	235.0	167.0
-845	281.0	132.0
-844	258.0	149.0
-843	259.0	166.0
-842	394.0	171.0
-841	278.0	166.0
-840	290.0	172.0
-839	274.0	141.0
-838	298.0	163.0
-837	281.0	160.0
-836	315.0	177.0
-835	304.0	150.0
-834	311.0	163.0
-833	289.0	158.0
-832	338.0	139.0
-831	327.0	129.0
-830	273.0	157.0
-829	294.0	140.0
-828	243.0	181.0
-827	284.0	144.0
-826	268.0	158.0
-825	257.0	161.0
-824	281.0	149.0
-823	249.0	183.0
-822	239.0	151.0
-821	232.0	161.0
-820	244.0	175.0
-819	244.0	152.0
-818	235.0	172.0
-817	233.0	165.0
-816	219.0	168.0
-815	230.0	171.0
-814	231.0	200.0
-813	200.0	215.0
-812	227.0	201.0
-811	275.0	178.0
-810	248.0	193.0
-809	201.0	194.0
-808	218.0	218.0
-807	219.0	211.0
-806	254.0	200.0
-805	274.0	196.0
-804	257.0	182.0
-803	269.0	192.0
-802	258.0	195.0
-801	221.0	215.0
-800	234.0	223.0
-799	214.0	214.0
-798	245.0	182.0
-797	243.0	188.0
-796	232.0	175.0
-795	271.0	209.0
-794	253.0	220.0
-793	225.0	174.0
-792	244.0	186.0
-791	327.0	196.0
-790	225.0	235.0
-789	294.0	229.0
-788	218.0	215.0
-787	240.0	219.0
-786	284.0	245.0
-785	255.0	256.0
-784	222.0	245.0
-783	249.0	241.0
-782	231.0	260.0
-781	248.0	233.0
-780	257.0	246.0
-779	267.0	248.0
-778	224.0	290.0
-777	211.0	286.0
-776	214.0	248.0
-775	225.0	237.0
-774	252.0	242.0
-773	212.0	268.0
-772	220.0	238.0
-771	226.0	247.0
-770	217.0	246.0
-769	229.0	254.0
-768	214.0	253.0
-767	190.0	268.0
-766	194.0	282.0
-765	191.0	250.0
-764	211.0	275.0
-763	200.0	298.0
-762	191.0	300.0
-761	259.0	305.0
-760	200.0	274.0
-759	217.0	293.0
-758	201.0	315.0
-757	232.0	293.0
-756	207.0	266.0
-755	238.0	308.0
-754	198.0	294.0
-753	235.0	266.0
-752	205.0	244.0
-751	244.0	248.0
-750	209.0	234.0
-749	222.0	257.0
-748	203.0	216.0
-747	226.0	223.0
-746	250.0	211.0
-745	254.0	239.0
-744	214.0	234.0
-743	182.0	222.0
-742	251.0	218.0
-741	224.0	218.0
-740	296.0	228.0
-739	245.0	214.0
-738	287.0	253.0
-737	263.0	248.0
-736	222.0	235.0
-735	279.0	259.0
-734	245.0	227.0
-733	252.0	244.0
-732	249.0	225.0
-731	221.0	195.0
-730	243.0	197.0
-729	254.0	211.0
-728	267.0	237.0
-727	298.0	206.0
-726	278.0	183.0
-725	300.0	192.0
-724	310.0	211.0
-723	300.0	236.0
-722	319.0	155.0
-721	329.0	180.0
-720	308.0	174.0
-719	279.0	171.0
-718	298.0	200.0
-717	336.0	209.0
-716	343.0	178.0
-715	343.0	195.0
-714	317.0	213.0
-713	267.0	165.0
-712	303.0	207.0
-711	264.0	179.0
-710	294.0	204.0
-709	299.0	215.0
-708	313.0	197.0
-707	311.0	223.0
-706	304.0	241.0
-705	314.0	248.0
-704	301.0	205.0
-703	295.0	192.0
-702	357.0	190.0
-701	343.0	191.0
-700	338.0	224.0
-699	325.0	229.0
-698	309.0	220.0
-697	334.0	188.0
-696	293.0	181.0
-695	307.0	200.0
-694	354.0	203.0
-693	410.0	195.0
-692	321.0	199.0
-691	336.0	204.0
-690	367.0	213.0
-689	340.0	208.0
-688	385.0	217.0
-687	373.0	226.0
-686	339.0	270.0
-685	374.0	213.0
-684	392.0	244.0
-683	417.0	243.0
-682	410.0	221.0
-681	414.0	251.0
-680	382.0	265.0
-679	398.0	220.0
-678	406.0	232.0
-677	367.0	256.0
-676	366.0	248.0
-675	361.0	312.0
-674	347.0	257.0
-673	382.0	245.0
-672	360.0	231.0
-671	373.0	244.0
-670	366.0	274.0
-669	365.0	246.0
-668	363.0	268.0
-667	402.0	225.0
-666	366.0	248.0
-665	332.0	239.0
-664	387.0	276.0
-663	326.0	257.0
-662	327.0	258.0
-661	356.0	305.0
-660	385.0	276.0
-659	390.0	262.0
-658	313.0	265.0
-657	350.0	294.0
-656	372.0	282.0
-655	349.0	272.0
-654	290.0	281.0
-653	327.0	241.0
-652	324.0	245.0
-651	352.0	271.0
-650	306.0	247.0
-649	349.0	234.0
-648	318.0	253.0
-647	314.0	237.0
-646	303.0	285.0
-645	286.0	235.0
-644	330.0	279.0
-643	314.0	240.0
-642	321.0	289.0
-641	304.0	258.0
-640	310.0	252.0
-639	300.0	267.0
-638	289.0	273.0
-637	270.0	297.0
-636	282.0	289.0
-635	287.0	310.0
-634	277.0	278.0
-633	279.0	282.0
-632	294.0	300.0
-631	277.0	298.0
-630	278.0	295.0
-629	288.0	348.0
-628	284.0	363.0
-627	277.0	322.0
-626	258.0	318.0
-625	276.0	303.0
-624	259.0	299.0
-623	277.0	287.0
-622	300.0	295.0
-621	284.0	323.0
-620	264.0	316.0
-619	298.0	328.0
-618	291.0	305.0
-617	270.0	329.0
-616	267.0	292.0
-615	269.0	335.0
-614	268.0	332.0
-613	265.0	318.0
-612	272.0	338.0
-611	247.0	305.0
-610	264.0	328.0
-609	261.0	329.0
-608	231.0	329.0
-607	248.0	324.0
-606	305.0	318.0
-605	227.0	325.0
-604	231.0	328.0
-603	217.0	358.0
-602	215.0	351.0
-601	224.0	388.0
-600	191.0	352.0
-599	183.0	327.0
-598	248.0	335.0
-597	211.0	349.0
-596	192.0	337.0
-595	183.0	387.0
-594	198.0	367.0
-593	172.0	380.0
-592	193.0	390.0
-591	173.0	328.0
-590	184.0	381.0
-589	168.0	339.0
-588	183.0	364.0
-587	195.0	352.0
-586	187.0	325.0
-585	183.0	324.0
-584	181.0	319.0
-583	194.0	312.0
-582	163.0	311.0
-581	162.0	291.0
-580	179.0	285.0
-579	181.0	288.0
-578	207.0	297.0
-577	173.0	290.0
-576	192.0	314.0
-575	196.0	300.0
-574	174.0	291.0
-573	201.0	269.0
-572	206.0	272.0
-571	181.0	257.0
-570	205.0	260.0
-569	185.0	262.0
-568	212.0	251.0
-567	181.0	268.0
-566	223.0	249.0
-565	199.0	230.0
-564	184.0	250.0
-563	155.0	233.0
-562	188.0	236.0
-561	208.0	247.0
-560	195.0	235.0
-559	171.0	235.0
-558	184.0	266.0
-557	160.0	253.0
-556	159.0	247.0
-555	152.0	282.0
-554	193.0	264.0
-553	166.0	225.0
-552	169.0	241.0
-551	151.0	268.0
-550	213.0	278.0
-549	193.0	265.0
-548	212.0	226.0
-547	243.0	240.0
-546	218.0	246.0
-545	195.0	249.0
-544	222.0	245.0
-543	219.0	232.0
-542	214.0	237.0
-541	202.0	237.0
-540	219.0	261.0
-539	217.0	250.0
-538	248.0	236.0
-537	202.0	258.0
-536	227.0	181.0
-535	246.0	173.0
-534	221.0	193.0
-533	196.0	184.0
-532	230.0	195.0
-531	225.0	194.0
-530	212.0	151.0
-529	199.0	159.0
-528	207.0	185.0
-527	206.0	180.0
-526	230.0	156.0
-525	204.0	194.0
-524	218.0	172.0
-523	214.0	173.0
-522	213.0	170.0
-521	193.0	137.0
-520	212.0	169.0
-519	226.0	148.0
-518	241.0	164.0
-517	203.0	190.0
-516	209.0	152.0
-515	249.0	160.0
-514	206.0	160.0
-513	197.0	159.0
-512	249.0	173.0
-511	218.0	167.0
-510	222.0	161.0
-509	204.0	162.0
-508	294.0	145.0
-507	216.0	172.0
-506	220.0	159.0
-505	233.0	166.0
-504	226.0	156.0
-503	225.0	150.0
-502	231.0	137.0
-501	275.0	163.0
-500	231.0	168.0
-499	315.0	143.0
-498	293.0	153.0
-497	256.0	169.0
-496	261.0	172.0
-495	245.0	171.0
-494	266.0	157.0
-493	261.0	157.0
-492	280.0	149.0
-491	269.0	157.0
-490	243.0	144.0
-489	223.0	168.0
-488	285.0	163.0
-487	238.0	170.0
-486	242.0	167.0
-485	257.0	167.0
-484	210.0	169.0
-483	236.0	138.0
-482	239.0	161.0
-481	198.0	157.0
-480	171.0	159.0
-479	255.0	156.0
-478	212.0	160.0
-477	181.0	159.0
-476	190.0	145.0
-475	213.0	171.0
-474	257.0	152.0
-473	232.0	154.0
-472	255.0	156.0
-471	208.0	181.0
-470	188.0	183.0
-469	244.0	179.0
-468	219.0	189.0
-467	224.0	138.0
-466	208.0	178.0
-465	202.0	183.0
-464	222.0	184.0
-463	286.0	175.0
-462	346.0	190.0
-461	239.0	172.0
-460	255.0	182.0
-459	273.0	151.0
-458	261.0	152.0
-457	252.0	153.0
-456	318.0	178.0
-455	274.0	173.0
-454	275.0	153.0
-453	306.0	177.0
-452	301.0	162.0
-451	293.0	177.0
-450	279.0	177.0
-449	283.0	162.0
-448	288.0	174.0
-447	271.0	200.0
-446	313.0	192.0
-445	298.0	177.0
-444	311.0	173.0
-443	359.0	167.0
-442	321.0	196.0
-441	286.0	194.0
-440	295.0	191.0
-439	342.0	172.0
-438	322.0	170.0
-437	359.0	184.0
-436	373.0	197.0
-435	354.0	191.0
-434	288.0	189.0
-433	309.0	203.0
-432	275.0	151.0
-431	357.0	176.0
-430	363.0	166.0
-429	332.0	200.0
-428	390.0	202.0
-427	362.0	200.0
-426	403.0	159.0
-425	411.0	198.0
-424	475.0	187.0
-423	406.0	211.0
-422	397.0	221.0
-421	384.0	199.0
-420	371.0	178.0
-419	414.0	194.0
-418	515.0	218.0
-417	473.0	239.0
-416	438.0	181.0
-415	436.0	180.0
-414	433.0	193.0
-413	416.0	210.0
-412	446.0	205.0
-411	426.0	181.0
-410	411.0	204.0
-409	398.0	211.0
-408	375.0	181.0
-407	398.0	200.0
-406	403.0	159.0
-405	406.0	180.0
-404	418.0	178.0
-403	466.0	197.0
-402	423.0	184.0
-401	377.0	198.0
-400	463.0	195.0
-399	487.0	180.0
-398	380.0	190.0
-397	406.0	183.0
-396	370.0	185.0
-395	423.0	187.0
-394	387.0	203.0
-393	382.0	226.0
-392	499.0	216.0
-391	451.0	225.0
-390	444.0	175.0
-389	401.0	206.0
-388	422.0	190.0
-387	463.0	180.0
-386	560.0	155.0
-385	414.0	201.0
-384	496.0	215.0
-383	485.0	184.0
-382	454.0	173.0
-381	432.0	175.0
-380	450.0	174.0
-379	460.0	201.0
-378	500.0	207.0
-377	515.0	203.0
-376	524.0	199.0
-375	462.0	213.0
-374	516.0	201.0
-373	432.0	200.0
-372	473.0	212.0
-371	443.0	213.0
-370	426.0	225.0
-369	557.0	194.0
-368	526.0	208.0
-367	538.0	223.0
-366	476.0	226.0
-365	597.0	203.0
-364	551.0	205.0
-363	457.0	216.0
-362	515.0	208.0
-361	518.0	215.0
-360	579.0	208.0
-359	539.0	195.0
-358	664.0	188.0
-357	563.0	221.0
-356	531.0	224.0
-355	595.0	240.0
-354	641.0	227.0
-353	519.0	206.0
-352	576.0	207.0
-351	647.0	225.0
-350	600.0	249.0
-349	512.0	235.0
-348	573.0	218.0
-347	649.0	236.0
-346	1579.0	268.0
-345	683.0	281.0
-344	584.0	254.0
-343	631.0	275.0
-342	588.0	266.0
-341	618.0	263.0
-340	616.0	250.0
-339	1318.0	293.0
-338	582.0	262.0
-337	707.0	287.0
-336	601.0	258.0
-335	643.0	255.0
-334	639.0	249.0
-333	542.0	260.0
-332	608.0	256.0
-331	631.0	266.0
-330	569.0	300.0
-329	946.0	287.0
-328	639.0	295.0
-327	560.0	295.0
-326	521.0	296.0
-325	632.0	306.0
-324	530.0	316.0
-323	1069.0	297.0
-322	609.0	285.0
-321	543.0	307.0
-320	611.0	286.0
-319	616.0	298.0
-318	680.0	306.0
-317	595.0	283.0
-316	713.0	295.0
-315	717.0	301.0
-314	679.0	284.0
-313	701.0	303.0
-312	605.0	283.0
-311	744.0	296.0
-310	628.0	293.0
-309	619.0	331.0
-308	691.0	328.0
-307	605.0	324.0
-306	586.0	330.0
-305	694.0	324.0
-304	687.0	318.0
-303	674.0	335.0
-302	595.0	347.0
-301	683.0	322.0
-300	538.0	366.0
-299	713.0	368.0
-298	751.0	349.0
-297	741.0	330.0
-296	667.0	360.0
-295	619.0	395.0
-294	698.0	375.0
-293	697.0	372.0
-292	732.0	392.0
-291	649.0	400.0
-290	705.0	406.0
-289	548.0	443.0
-288	827.0	447.0
-287	789.0	437.0
-286	696.0	443.0
-285	652.0	442.0
-284	670.0	433.0
-283	650.0	445.0
-282	667.0	441.0
-281	661.0	485.0
-280	804.0	444.0
-279	678.0	437.0
-278	724.0	455.0
-277	680.0	465.0
-276	720.0	403.0
-275	689.0	434.0
-274	607.0	441.0
-273	706.0	435.0
-272	704.0	443.0
-271	748.0	462.0
-270	662.0	430.0
-269	758.0	489.0
-268	696.0	465.0
-267	634.0	462.0
-266	758.0	462.0
-265	842.0	500.0
-264	838.0	491.0
-263	769.0	488.0
-262	729.0	444.0
-261	800.0	495.0
-260	749.0	494.0
-259	711.0	490.0
-258	801.0	473.0
-257	931.0	513.0
-256	956.0	494.0
-255	817.0	509.0
-254	819.0	457.0
-253	826.0	516.0
-252	794.0	512.0
-251	794.0	459.0
-250	810.0	559.0
-249	812.0	492.0
-248	825.0	533.0
-247	845.0	532.0
-246	872.0	536.0
-245	743.0	490.0
-244	823.0	530.0
-243	772.0	486.0
-242	885.0	529.0
-241	854.0	545.0
-240	939.0	489.0
-239	850.0	506.0
-238	793.0	468.0
-237	774.0	527.0
-236	835.0	615.0
-235	823.0	543.0
-234	966.0	537.0
-233	1053.0	522.0
-232	1020.0	529.0
-231	932.0	506.0
-230	903.0	530.0
-229	947.0	524.0
-228	1031.0	563.0
-227	1200.0	539.0
-226	1076.0	490.0
-225	1030.0	590.0
-224	1104.0	584.0
-223	989.0	605.0
-222	1106.0	587.0
-221	1011.0	659.0
-220	1065.0	561.0
-219	1063.0	641.0
-218	1058.0	613.0
-217	1233.0	674.0
-216	1183.0	636.0
-215	1270.0	550.0
-214	1201.0	579.0
-213	1297.0	619.0
-212	1117.0	641.0
-211	1171.0	625.0
-210	1284.0	578.0
-209	1392.0	597.0
-208	1239.0	633.0
-207	1370.0	579.0
-206	1373.0	594.0
-205	1395.0	621.0
-204	1495.0	604.0
-203	1349.0	635.0
-202	1390.0	631.0
-201	1445.0	621.0
-200	1409.0	631.0
-199	1564.0	687.0
-198	1604.0	595.0
-197	1597.0	597.0
-196	1583.0	548.0
-195	1704.0	609.0
-194	1642.0	664.0
-193	1582.0	616.0
-192	1596.0	633.0
-191	1835.0	643.0
-190	1847.0	663.0
-189	1790.0	675.0
-188	1878.0	716.0
-187	2254.0	689.0
-186	1974.0	684.0
-185	1997.0	659.0
-184	2046.0	689.0
-183	1898.0	726.0
-182	2115.0	723.0
-181	2221.0	779.0
-180	2235.0	862.0
-179	2257.0	731.0
-178	2143.0	747.0
-177	2146.0	789.0
-176	2338.0	904.0
-175	2355.0	751.0
-174	2447.0	738.0
-173	2457.0	719.0
-172	2744.0	711.0
-171	2538.0	722.0
-170	2400.0	778.0
-169	2737.0	761.0
-168	2438.0	715.0
-167	2646.0	699.0
-166	2745.0	732.0
-165	2819.0	752.0
-164	3068.0	775.0
-163	2925.0	720.0
-162	2940.0	731.0
-161	3130.0	716.0
-160	2880.0	722.0
-159	4092.0	686.0
-158	3202.0	724.0
-157	3058.0	756.0
-156	3165.0	784.0
-155	3553.0	781.0
-154	3128.0	744.0
-153	3424.0	741.0
-152	4308.0	808.0
-151	3413.0	770.0
-150	3553.0	800.0
-149	3477.0	777.0
-148	3526.0	802.0
-147	3782.0	809.0
-146	3964.0	782.0
-145	3678.0	779.0
-144	3984.0	820.0
-143	4187.0	793.0
-142	4406.0	798.0
-141	4084.0	815.0
-140	4377.0	836.0
-139	4276.0	853.0
-138	4451.0	858.0
-137	4690.0	827.0
-136	5073.0	935.0
-135	4786.0	852.0
-134	4597.0	946.0
-133	4917.0	874.0
-132	5416.0	907.0
-131	5068.0	889.0
-130	5198.0	997.0
-129	5490.0	1002.0
-128	5405.0	1012.0
-127	5677.0	1082.0
-126	5933.0	1087.0
-125	5955.0	1140.0
-124	6080.0	1116.0
-123	6042.0	1142.0
-122	6280.0	1163.0
-121	6359.0	1162.0
-120	6583.0	1123.0
-119	6820.0	1145.0
-118	6821.0	1196.0
-117	7320.0	1174.0
-116	7037.0	1209.0
-115	7594.0	1154.0
-114	7242.0	1272.0
-113	7791.0	1223.0
-112	7926.0	1286.0
-111	8220.0	1270.0
-110	8334.0	1308.0
-109	8704.0	1359.0
-108	8820.0	1390.0
-107	9025.0	1411.0
-106	9304.0	1401.0
-105	9148.0	1425.0
-104	9423.0	1453.0
-103	10098.0	1456.0
-102	10017.0	1514.0
-101	10166.0	1583.0
-100	10896.0	1588.0
-99	10758.0	1641.0
-98	11504.0	1678.0
-97	11396.0	1703.0
-96	11852.0	1711.0
-95	12183.0	1750.0
-94	12834.0	1819.0
-93	13015.0	1895.0
-92	13376.0	1862.0
-91	14025.0	1922.0
-90	14310.0	1909.0
-89	14723.0	1928.0
-88	15958.0	1951.0
-87	15621.0	2000.0
-86	15976.0	2131.0
-85	16597.0	2222.0
-84	17543.0	2259.0
-83	17107.0	2298.0
-82	18521.0	2319.0
-81	19268.0	2363.0
-80	19685.0	2443.0
-79	20233.0	2451.0
-78	21283.0	2478.0
-77	21523.0	2490.0
-76	21859.0	2562.0
-75	22926.0	2628.0
-74	23563.0	2761.0
-73	24392.0	2865.0
-72	25186.0	3029.0
-71	26522.0	3190.0
-70	27405.0	3204.0
-69	27422.0	3215.0
-68	29324.0	3365.0
-67	29664.0	3620.0
-66	30949.0	3801.0
-65	32097.0	3834.0
-64	33833.0	3915.0
-63	34488.0	4068.0
-62	35767.0	4292.0
-61	35864.0	4401.0
-60	37981.0	4552.0
-59	39631.0	4679.0
-58	40299.0	4788.0
-57	40946.0	4903.0
-56	42009.0	4959.0
-55	44636.0	5269.0
-54	44608.0	5288.0
-53	45631.0	5410.0
-52	48122.0	5704.0
-51	47967.0	5762.0
-50	49207.0	5918.0
-49	50113.0	6198.0
-48	53144.0	6176.0
-47	53897.0	6319.0
-46	53369.0	6421.0
-45	54286.0	6517.0
-44	56153.0	6620.0
-43	56948.0	6751.0
-42	59294.0	6898.0
-41	59022.0	7060.0
-40	62980.0	7135.0
-39	62399.0	7277.0
-38	65689.0	7455.0
-37	63951.0	7815.0
-36	66305.0	7894.0
-35	68860.0	7836.0
-34	69628.0	8079.0
-33	70960.0	8229.0
-32	72489.0	8371.0
-31	73845.0	8739.0
-30	74660.0	8987.0
-29	76267.0	9116.0
-28	78568.0	9383.0
-27	81260.0	9664.0
-26	81839.0	10066.0
-25	80750.0	10274.0
-24	84995.0	10776.0
-23	86053.0	11352.0
-22	87054.0	11389.0
-21	89756.0	11615.0
-20	92147.0	12024.0
-19	90273.0	12327.0
-18	93778.0	12646.0
-17	97329.0	13226.0
-16	96766.0	13645.0
-15	97434.0	13821.0
-14	100946.0	14469.0
-13	102343.0	14863.0
-12	104595.0	15519.0
-11	105544.0	16305.0
-10	111223.0	16843.0
-9	108463.0	17447.0
-8	111263.0	17852.0
-7	116135.0	18104.0
-6	114105.0	18828.0
-5	112745.0	19212.0
-4	116721.0	19834.0
-3	116328.0	20332.0
-2	118674.0	20631.0
-1	118426.0	21085.0
0	170410.0	21306.0
1	163108.0	21977.0
2	148724.0	23436.0
3	144679.0	23761.0
4	146127.0	23720.0
5	145949.0	24162.0
6	135013.0	24510.0
7	128425.0	25062.0
8	123319.0	24679.0
9	119030.0	25529.0
10	113323.0	26043.0
11	108366.0	26457.0
12	105340.0	27029.0
13	102115.0	27864.0
14	98409.0	27827.0
15	93180.0	27596.0
16	89116.0	28400.0
17	86457.0	28978.0
18	84361.0	29856.0
19	81752.0	30300.0
20	78330.0	30541.0
21	74661.0	31163.0
22	72598.0	31621.0
23	70995.0	32968.0
24	68760.0	33740.0
25	66108.0	33862.0
26	64069.0	34907.0
27	62606.0	35778.0
28	61369.0	36560.0
29	59866.0	36500.0
30	58742.0	38049.0
31	57662.0	38597.0
32	57100.0	38654.0
33	56097.0	39289.0
34	54443.0	39757.0
35	55046.0	40880.0
36	55531.0	41293.0
37	54774.0	42791.0
38	52629.0	43112.0
39	51428.0	42999.0
40	51976.0	43955.0
41	52597.0	44868.0
42	51594.0	45431.0
43	50044.0	44949.0
44	49525.0	46509.0
45	48998.0	47383.0
46	47840.0	47559.0
47	47057.0	48299.0
48	47132.0	49075.0
49	47307.0	50148.0
50	46911.0	51301.0
51	44935.0	51811.0
52	43641.0	52202.0
53	43938.0	53224.0
54	44384.0	55476.0
55	44520.0	56301.0
56	43481.0	55943.0
57	42453.0	57729.0
58	41824.0	58563.0
59	41493.0	59254.0
60	40850.0	59735.0
61	40223.0	61454.0
62	39718.0	62064.0
63	38863.0	62795.0
64	37967.0	63917.0
65	36576.0	65012.0
66	35242.0	66448.0
67	34482.0	66330.0
68	33418.0	67507.0
69	32186.0	68005.0
70	31300.0	69638.0
71	30441.0	70024.0
72	29465.0	71055.0
73	28657.0	72401.0
74	27636.0	73016.0
75	26679.0	73930.0
76	25445.0	75177.0
77	24340.0	77572.0
78	23860.0	77431.0
79	23597.0	77300.0
80	23015.0	78109.0
81	22622.0	79717.0
82	22395.0	81015.0
83	22145.0	81808.0
84	21940.0	82991.0
85	21681.0	83916.0
86	21475.0	84615.0
87	20811.0	85039.0
88	20183.0	85808.0
89	19860.0	87223.0
90	19448.0	88283.0
91	18914.0	89017.0
92	18580.0	87909.0
93	18045.0	88657.0
94	17303.0	89104.0
95	16582.0	89917.0
96	15997.0	90098.0
97	15857.0	91314.0
98	15392.0	91080.0
99	14746.0	90576.0
100	14412.0	90954.0
101	14169.0	90215.0
102	13963.0	90058.0
103	13423.0	89513.0
104	12731.0	90247.0
105	12741.0	90743.0
106	12587.0	89561.0
107	12139.0	88251.0
108	11344.0	88776.0
109	10949.0	88990.0
110	11040.0	87727.0
111	10733.0	86867.0
112	10688.0	87242.0
113	10577.0	86504.0
114	10521.0	85958.0
115	10390.0	84619.0
116	10188.0	83955.0
117	9862.0	83605.0
118	10011.0	84053.0
119	10058.0	83133.0
120	9767.0	83508.0
121	9175.0	82660.0
122	8713.0	81117.0
123	8338.0	80469.0
124	8068.0	80050.0
125	7972.0	80927.0
126	7783.0	80891.0
127	7965.0	77914.0
128	7676.0	77650.0
129	7504.0	77399.0
130	7326.0	76725.0
131	6910.0	75474.0
132	6960.0	73416.0
133	6961.0	72872.0
134	6728.0	69860.0
135	6567.0	70374.0
136	6315.0	70150.0
137	6386.0	68902.0
138	6182.0	67485.0
139	5921.0	65985.0
140	5792.0	65650.0
141	5636.0	64662.0
142	5642.0	63187.0
143	5515.0	62206.0
144	5260.0	61348.0
145	5158.0	61105.0
146	5125.0	58534.0
147	5073.0	57086.0
148	4980.0	55941.0
149	4765.0	54250.0
150	4679.0	52763.0
151	4701.0	49329.0
152	4567.0	48872.0
153	4247.0	47332.0
154	4298.0	44546.0
155	4326.0	43792.0
156	4202.0	43921.0
157	3984.0	41397.0
158	3758.0	38432.0
159	3758.0	37442.0
160	3758.0	35699.0
161	3515.0	35466.0
162	3429.0	34524.0
163	3535.0	33175.0
164	3367.0	32206.0
165	3399.0	31696.0
166	3349.0	30384.0
167	3326.0	29214.0
168	3288.0	29759.0
169	3283.0	29178.0
170	3204.0	28020.0
171	3193.0	26461.0
172	3033.0	25680.0
173	2857.0	26038.0
174	2964.0	25122.0
175	2981.0	24516.0
176	2880.0	24641.0
177	2798.0	24451.0
178	2716.0	23380.0
179	2718.0	22598.0
180	2645.0	21491.0
181	2674.0	20894.0
182	2662.0	21545.0
183	2651.0	20274.0
184	2672.0	19536.0
185	2641.0	20560.0
186	2646.0	19081.0
187	2578.0	17440.0
188	2577.0	17075.0
189	2552.0	17196.0
190	2572.0	17699.0
191	2492.0	16762.0
192	2480.0	16858.0
193	2400.0	15765.0
194	2334.0	15651.0
195	2353.0	14657.0
196	2233.0	14072.0
197	2110.0	15363.0
198	2199.0	14116.0
199	2093.0	14209.0
200	2149.0	13099.0
201	2134.0	12806.0
202	2053.0	13433.0
203	2064.0	13144.0
204	1956.0	12570.0
205	1970.0	12087.0
206	2004.0	11387.0
207	1930.0	10980.0
208	1853.0	10780.0
209	1853.0	10434.0
210	1845.0	10284.0
211	1745.0	9564.0
212	1739.0	9282.0
213	1745.0	8332.0
214	1802.0	8226.0
215	1821.0	8183.0
216	1782.0	8196.0
217	1711.0	7660.0
218	1695.0	7205.0
219	1730.0	6588.0
220	1767.0	6639.0
221	1670.0	6292.0
222	1643.0	6147.0
223	1606.0	6123.0
224	1592.0	6052.0
225	1554.0	5837.0
226	1494.0	6028.0
227	1461.0	5562.0
228	1463.0	5448.0
229	1488.0	5581.0
230	1446.0	5303.0
231	1379.0	5242.0
232	1365.0	5313.0
233	1347.0	5134.0
234	1286.0	5127.0
235	1236.0	5057.0
236	1229.0	5006.0
237	1246.0	4734.0
238	1245.0	4835.0
239	1195.0	4746.0
240	1185.0	4488.0
241	1128.0	4616.0
242	1051.0	4494.0
243	1100.0	4442.0
244	1106.0	4465.0
245	1044.0	4182.0
246	1028.0	4206.0
247	986.0	4499.0
248	1002.0	4280.0
249	1004.0	4209.0
250	876.0	3734.0
251	955.0	3734.0
252	953.0	3853.0
253	936.0	3981.0
254	912.0	3690.0
255	960.0	3850.0
256	985.0	3736.0
257	950.0	3584.0
258	907.0	3467.0
259	868.0	3477.0
260	869.0	3461.0
261	892.0	3349.0
262	858.0	3493.0
263	795.0	3325.0
264	833.0	3610.0
265	817.0	3702.0
266	760.0	3186.0
267	787.0	3105.0
268	748.0	3407.0
269	772.0	3157.0
270	732.0	2878.0
271	748.0	3115.0
272	790.0	3150.0
273	786.0	2889.0
274	741.0	2961.0
275	795.0	3242.0
276	807.0	3010.0
277	757.0	2741.0
278	761.0	2568.0
279	729.0	2589.0
280	697.0	2522.0
281	731.0	2537.0
282	726.0	2625.0
283	731.0	2684.0
284	761.0	2344.0
285	738.0	2490.0
286	774.0	2560.0
287	795.0	2308.0
288	793.0	2425.0
289	757.0	2251.0
290	755.0	2168.0
291	734.0	2458.0
292	741.0	2283.0
293	734.0	2357.0
294	709.0	2153.0
295	713.0	2453.0
296	711.0	2342.0
297	701.0	2371.0
298	710.0	2240.0
299	623.0	1887.0
300	605.0	2282.0
301	671.0	2029.0
302	689.0	2072.0
303	625.0	2157.0
304	606.0	2253.0
305	645.0	2099.0
306	673.0	1804.0
307	690.0	1942.0
308	674.0	1632.0
309	675.0	1813.0
310	734.0	1801.0
311	696.0	1799.0
312	675.0	2022.0
313	701.0	1735.0
314	701.0	1550.0
315	770.0	1728.0
316	720.0	1374.0
317	667.0	1530.0
318	668.0	1534.0
319	685.0	1858.0
320	683.0	1767.0
321	612.0	1674.0
322	633.0	1737.0
323	607.0	1541.0
324	567.0	1488.0
325	559.0	1433.0
326	603.0	1416.0
327	648.0	1501.0
328	644.0	1328.0
329	595.0	1307.0
330	570.0	1532.0
331	634.0	1395.0
332	640.0	1171.0
333	657.0	1443.0
334	614.0	1330.0
335	604.0	1427.0
336	599.0	1456.0
337	593.0	1215.0
338	637.0	1333.0
339	628.0	1184.0
340	623.0	1083.0
341	605.0	1143.0
342	618.0	1142.0
343	588.0	910.0
344	623.0	958.0
345	607.0	1083.0
346	588.0	1236.0
347	598.0	1207.0
348	577.0	947.0
349	649.0	980.0
350	640.0	990.0
351	646.0	1088.0
352	625.0	1045.0
353	667.0	1394.0
354	680.0	1166.0
355	707.0	955.0
356	672.0	998.0
357	691.0	983.0
358	692.0	1144.0
359	673.0	1026.0
360	667.0	870.0
361	668.0	932.0
362	664.0	1153.0
363	649.0	954.0
364	666.0	941.0
365	653.0	986.0
366	660.0	832.0
367	634.0	950.0
368	676.0	1103.0
369	614.0	898.0
370	573.0	821.0
371	597.0	876.0
372	516.0	787.0
373	508.0	933.0
374	485.0	826.0
375	509.0	814.0
376	516.0	885.0
377	493.0	879.0
378	471.0	1155.0
379	444.0	967.0
380	462.0	834.0
381	477.0	884.0
382	461.0	793.0
383	459.0	1012.0
384	431.0	899.0
385	423.0	1236.0
386	430.0	929.0
387	459.0	752.0
388	463.0	834.0
389	477.0	804.0
390	443.0	906.0
391	456.0	730.0
392	457.0	635.0
393	431.0	734.0
394	433.0	707.0
395	426.0	700.0
396	432.0	641.0
397	446.0	626.0
398	432.0	610.0
399	403.0	613.0
400	375.0	629.0
401	404.0	638.0
402	384.0	608.0
403	398.0	568.0
404	392.0	584.0
405	408.0	615.0
406	392.0	604.0
407	405.0	629.0
408	382.0	744.0
409	432.0	650.0
410	419.0	682.0
411	384.0	712.0
412	411.0	684.0
413	408.0	748.0
414	398.0	688.0
415	422.0	618.0
416	478.0	663.0
417	456.0	656.0
418	530.0	594.0
419	532.0	597.0
420	538.0	622.0
421	563.0	660.0
422	584.0	551.0
423	581.0	635.0
424	604.0	696.0
425	558.0	581.0
426	523.0	604.0
427	600.0	655.0
428	588.0	748.0
429	506.0	597.0
430	538.0	659.0
431	480.0	717.0
432	496.0	579.0
433	472.0	715.0
434	426.0	689.0
435	427.0	735.0
436	409.0	727.0
437	387.0	750.0
438	414.0	645.0
439	395.0	682.0
440	391.0	688.0
441	404.0	696.0
442	375.0	778.0
443	334.0	785.0
444	408.0	747.0
445	395.0	731.0
446	369.0	744.0
447	345.0	749.0
448	331.0	749.0
449	365.0	766.0
450	314.0	732.0
451	324.0	712.0
452	308.0	754.0
453	305.0	642.0
454	320.0	705.0
455	324.0	730.0
456	317.0	689.0
457	343.0	782.0
458	353.0	696.0
459	391.0	749.0
460	391.0	723.0
461	369.0	791.0
462	347.0	763.0
463	349.0	758.0
464	357.0	691.0
465	340.0	683.0
466	320.0	729.0
467	316.0	631.0
468	307.0	785.0
469	257.0	962.0
470	276.0	759.0
471	275.0	730.0
472	281.0	691.0
473	278.0	606.0
474	261.0	707.0
475	300.0	873.0
476	295.0	595.0
477	255.0	550.0
478	273.0	626.0
479	286.0	597.0
480	284.0	637.0
481	259.0	628.0
482	286.0	586.0
483	296.0	580.0
484	313.0	552.0
485	275.0	768.0
486	259.0	650.0
487	260.0	515.0
488	279.0	572.0
489	272.0	654.0
490	257.0	686.0
491	221.0	663.0
492	258.0	741.0
493	244.0	667.0
494	255.0	653.0
495	281.0	683.0
496	267.0	587.0
497	268.0	757.0
498	251.0	733.0
499	241.0	583.0
500	261.0	633.0
501	231.0	601.0
502	282.0	599.0
503	249.0	550.0
504	233.0	570.0
505	236.0	662.0
506	198.0	571.0
507	249.0	542.0
508	247.0	565.0
509	242.0	560.0
510	257.0	602.0
511	250.0	548.0
512	267.0	563.0
513	277.0	528.0
514	245.0	642.0
515	254.0	540.0
516	249.0	521.0
517	225.0	528.0
518	239.0	539.0
519	237.0	547.0
520	226.0	606.0
521	225.0	518.0
522	223.0	514.0
523	201.0	574.0
524	247.0	680.0
525	232.0	618.0
526	233.0	570.0
527	236.0	571.0
528	218.0	526.0
529	237.0	516.0
530	249.0	516.0
531	218.0	537.0
532	209.0	494.0
533	240.0	503.0
534	218.0	512.0
535	226.0	561.0
536	210.0	568.0
537	240.0	575.0
538	271.0	538.0
539	238.0	551.0
540	219.0	583.0
541	236.0	579.0
542	263.0	487.0
543	248.0	484.0
544	235.0	503.0
545	252.0	522.0
546	281.0	445.0
547	238.0	548.0
548	240.0	560.0
549	255.0	517.0
550	244.0	553.0
551	254.0	528.0
552	231.0	475.0
553	238.0	480.0
554	227.0	491.0
555	210.0	578.0
556	248.0	731.0
557	222.0	837.0
558	224.0	676.0
559	251.0	689.0
560	245.0	560.0
561	242.0	535.0
562	213.0	626.0
563	211.0	662.0
564	231.0	485.0
565	222.0	485.0
566	236.0	415.0
567	231.0	456.0
568	252.0	418.0
569	283.0	434.0
570	290.0	437.0
571	277.0	370.0
572	240.0	444.0
573	277.0	448.0
574	286.0	422.0
575	280.0	410.0
576	256.0	399.0
577	259.0	360.0
578	253.0	358.0
579	259.0	346.0
580	269.0	344.0
581	264.0	374.0
582	268.0	295.0
583	264.0	321.0
584	275.0	378.0
585	267.0	376.0
586	266.0	401.0
587	271.0	303.0
588	258.0	315.0
589	263.0	329.0
590	269.0	335.0
591	258.0	382.0
592	268.0	339.0
593	283.0	443.0
594	268.0	343.0
595	280.0	348.0
596	282.0	295.0
597	288.0	319.0
598	288.0	404.0
599	323.0	314.0
600	305.0	349.0
601	324.0	316.0
602	302.0	350.0
603	346.0	323.0
604	354.0	309.0
605	323.0	300.0
606	343.0	280.0
607	379.0	288.0
608	381.0	306.0
609	364.0	285.0
610	371.0	320.0
611	352.0	305.0
612	374.0	272.0
613	361.0	294.0
614	344.0	269.0
615	366.0	317.0
616	379.0	339.0
617	332.0	340.0
618	348.0	329.0
619	355.0	305.0
620	353.0	304.0
621	342.0	326.0
622	311.0	302.0
623	323.0	317.0
624	335.0	304.0
625	340.0	311.0
626	321.0	310.0
627	362.0	296.0
628	351.0	271.0
629	387.0	342.0
630	372.0	343.0
631	358.0	341.0
632	392.0	306.0
633	412.0	297.0
634	431.0	344.0
635	423.0	313.0
636	384.0	344.0
637	441.0	348.0
638	461.0	328.0
639	460.0	316.0
640	459.0	364.0
641	460.0	351.0
642	473.0	359.0
643	484.0	368.0
644	489.0	360.0
645	506.0	392.0
646	471.0	366.0
647	447.0	360.0
648	468.0	329.0
649	461.0	319.0
650	446.0	353.0
651	463.0	384.0
652	475.0	366.0
653	427.0	343.0
654	471.0	333.0
655	471.0	365.0
656	503.0	380.0
657	462.0	370.0
658	455.0	348.0
659	436.0	371.0
660	461.0	386.0
661	449.0	367.0
662	458.0	391.0
663	483.0	420.0
664	499.0	425.0
665	468.0	414.0
666	510.0	428.0
667	492.0	454.0
668	503.0	400.0
669	546.0	431.0
670	474.0	392.0
671	448.0	419.0
672	526.0	407.0
673	512.0	407.0
674	551.0	407.0
675	520.0	407.0
676	558.0	382.0
677	571.0	380.0
678	612.0	387.0
679	552.0	406.0
680	557.0	414.0
681	568.0	427.0
682	565.0	428.0
683	613.0	422.0
684	631.0	397.0
685	643.0	448.0
686	608.0	444.0
687	570.0	458.0
688	665.0	415.0
689	650.0	426.0
690	655.0	423.0
691	656.0	458.0
692	635.0	496.0
693	687.0	484.0
694	599.0	453.0
695	579.0	467.0
696	605.0	461.0
697	513.0	478.0
698	554.0	499.0
699	515.0	496.0
700	501.0	533.0
701	489.0	505.0
702	462.0	465.0
703	490.0	492.0
704	449.0	502.0
705	419.0	490.0
706	392.0	484.0
707	386.0	474.0
708	409.0	546.0
709	406.0	526.0
710	398.0	502.0
711	383.0	451.0
712	377.0	506.0
713	379.0	496.0
714	390.0	518.0
715	414.0	506.0
716	372.0	485.0
717	337.0	501.0
718	344.0	508.0
719	369.0	506.0
720	365.0	511.0
721	357.0	491.0
722	355.0	531.0
723	348.0	508.0
724	343.0	506.0
725	360.0	518.0
726	349.0	526.0
727	328.0	491.0
728	291.0	490.0
729	296.0	487.0
730	335.0	527.0
731	303.0	470.0
732	283.0	477.0
733	318.0	471.0
734	338.0	463.0
735	348.0	449.0
736	357.0	445.0
737	339.0	474.0
738	417.0	485.0
739	380.0	466.0
740	350.0	465.0
741	343.0	518.0
742	377.0	505.0
743	411.0	461.0
744	345.0	465.0
745	345.0	427.0
746	345.0	474.0
747	304.0	399.0
748	376.0	445.0
749	336.0	421.0
750	333.0	477.0
751	343.0	466.0
752	329.0	407.0
753	330.0	425.0
754	334.0	409.0
755	349.0	427.0
756	309.0	421.0
757	372.0	438.0
758	390.0	421.0
759	386.0	440.0
760	369.0	438.0
761	352.0	421.0
762	376.0	379.0
763	344.0	445.0
764	374.0	421.0
765	364.0	433.0
766	372.0	412.0
767	368.0	423.0
768	378.0	434.0
769	373.0	461.0
770	372.0	468.0
771	394.0	472.0
772	398.0	491.0
773	392.0	479.0
774	359.0	501.0
775	386.0	463.0
776	383.0	507.0
777	402.0	499.0
778	398.0	435.0
779	358.0	467.0
780	343.0	508.0
781	376.0	526.0
782	357.0	495.0
783	363.0	490.0
784	371.0	532.0
785	386.0	536.0
786	356.0	504.0
787	315.0	511.0
788	308.0	484.0
789	293.0	560.0
790	308.0	533.0
791	319.0	512.0
792	322.0	598.0
793	289.0	532.0
794	278.0	521.0
795	258.0	527.0
796	272.0	391.0
797	274.0	468.0
798	261.0	471.0
799	263.0	467.0
800	272.0	474.0
801	263.0	468.0
802	263.0	438.0
803	262.0	486.0
804	261.0	490.0
805	298.0	402.0
806	239.0	459.0
807	274.0	467.0
808	258.0	476.0
809	257.0	464.0
810	275.0	420.0
811	268.0	495.0
812	302.0	479.0
813	309.0	485.0
814	310.0	480.0
815	297.0	430.0
816	293.0	461.0
817	302.0	473.0
818	299.0	494.0
819	320.0	431.0
820	267.0	429.0
821	310.0	482.0
822	311.0	453.0
823	283.0	440.0
824	274.0	412.0
825	241.0	417.0
826	275.0	436.0
827	273.0	392.0
828	264.0	432.0
829	259.0	436.0
830	238.0	398.0
831	243.0	395.0
832	252.0	379.0
833	236.0	375.0
834	243.0	398.0
835	248.0	360.0
836	261.0	370.0
837	274.0	360.0
838	266.0	347.0
839	273.0	392.0
840	275.0	343.0
841	288.0	407.0
842	256.0	382.0
843	265.0	365.0
844	255.0	406.0
845	289.0	398.0
846	265.0	344.0
847	228.0	341.0
848	216.0	353.0
849	238.0	332.0
850	240.0	350.0
851	224.0	334.0
852	193.0	431.0
853	224.0	327.0
854	198.0	382.0
855	196.0	394.0
856	238.0	405.0
857	178.0	383.0
858	203.0	370.0
859	195.0	379.0
860	208.0	408.0
861	258.0	406.0
862	218.0	383.0
863	205.0	441.0
864	224.0	350.0
865	226.0	394.0
866	223.0	411.0
867	248.0	345.0
868	252.0	386.0
869	240.0	331.0
870	201.0	360.0
871	211.0	396.0
872	244.0	365.0
873	236.0	430.0
874	241.0	377.0
875	202.0	347.0
876	224.0	349.0
877	244.0	368.0
878	216.0	365.0
879	204.0	398.0
880	179.0	354.0
881	225.0	355.0
882	256.0	327.0
883	236.0	323.0
884	236.0	295.0
885	215.0	306.0
886	225.0	311.0
887	240.0	323.0
888	223.0	307.0
889	256.0	322.0
890	246.0	300.0
891	266.0	285.0
892	283.0	311.0
893	237.0	316.0
894	318.0	283.0
895	241.0	310.0
896	265.0	288.0
897	250.0	274.0
898	239.0	305.0
899	270.0	292.0
900	275.0	290.0
901	290.0	283.0
902	292.0	326.0
903	253.0	307.0
904	241.0	288.0
905	251.0	309.0
906	262.0	328.0
907	223.0	273.0
908	238.0	289.0
909	230.0	291.0
910	285.0	302.0
911	284.0	271.0
912	250.0	294.0
913	249.0	301.0
914	242.0	286.0
915	286.0	338.0
916	237.0	300.0
917	252.0	319.0
918	239.0	293.0
919	285.0	314.0
920	273.0	281.0
921	268.0	268.0
922	270.0	254.0
923	274.0	295.0
924	309.0	273.0
925	301.0	264.0
926	286.0	269.0
927	286.0	297.0
928	265.0	329.0
929	302.0	250.0
930	294.0	261.0
931	264.0	281.0
932	232.0	233.0
933	216.0	281.0
934	232.0	271.0
935	228.0	240.0
936	233.0	255.0
937	235.0	285.0
938	235.0	259.0
939	229.0	260.0
940	245.0	236.0
941	290.0	249.0
942	266.0	224.0
943	238.0	278.0
944	292.0	248.0
945	257.0	232.0
946	288.0	238.0
947	268.0	242.0
948	250.0	253.0
949	250.0	262.0
950	259.0	256.0
951	286.0	263.0
952	223.0	314.0
953	212.0	286.0
954	223.0	279.0
955	213.0	283.0
956	219.0	270.0
957	216.0	257.0
958	214.0	264.0
959	183.0	254.0
960	205.0	273.0
961	231.0	278.0
962	201.0	263.0
963	215.0	272.0
964	215.0	303.0
965	211.0	323.0
966	209.0	321.0
967	202.0	305.0
968	223.0	304.0
969	216.0	304.0
970	191.0	331.0
971	192.0	328.0
972	214.0	312.0
973	190.0	296.0
974	178.0	351.0
975	176.0	362.0
976	171.0	318.0
977	167.0	295.0
978	182.0	363.0
979	181.0	292.0
980	156.0	274.0
981	156.0	284.0
982	156.0	259.0
983	172.0	304.0
984	183.0	266.0
985	169.0	248.0
986	166.0	267.0
987	173.0	244.0
988	155.0	257.0
989	165.0	249.0
990	167.0	250.0
991	169.0	263.0
992	175.0	241.0
993	178.0	242.0
994	185.0	242.0
995	201.0	227.0
996	231.0	238.0
997	194.0	237.0
998	224.0	222.0
999	223.0	228.0
1000	202.0	243.0
1001	194.0	210.0
1002	204.0	235.0
1003	217.0	233.0
1004	198.0	201.0
1005	236.0	231.0
1006	191.0	247.0
1007	208.0	236.0
1008	244.0	264.0
1009	226.0	260.0
1010	223.0	272.0
1011	205.0	249.0
1012	221.0	270.0
1013	207.0	261.0
1014	222.0	280.0
1015	236.0	297.0
1016	257.0	275.0
1017	213.0	279.0
1018	235.0	284.0
1019	248.0	282.0
1020	243.0	334.0
1021	241.0	287.0
1022	240.0	306.0
1023	227.0	322.0
1024	252.0	294.0
1025	251.0	317.0
1026	252.0	300.0
1027	280.0	304.0
1028	296.0	294.0
1029	243.0	324.0
1030	240.0	304.0
1031	260.0	297.0
1032	247.0	271.0
1033	262.0	325.0
1034	264.0	292.0
1035	248.0	287.0
1036	244.0	268.0
1037	268.0	271.0
1038	324.0	349.0
1039	263.0	255.0
1040	237.0	259.0
1041	226.0	234.0
1042	249.0	225.0
1043	289.0	238.0
1044	248.0	259.0
1045	257.0	280.0
1046	244.0	250.0
1047	282.0	254.0
1048	289.0	298.0
1049	273.0	286.0
1050	255.0	254.0
1051	229.0	264.0
1052	246.0	277.0
1053	222.0	265.0
1054	230.0	298.0
1055	216.0	285.0
1056	264.0	300.0
1057	284.0	263.0
1058	250.0	303.0
1059	247.0	275.0
1060	210.0	279.0
1061	259.0	264.0
1062	255.0	321.0
1063	286.0	269.0
1064	245.0	302.0
1065	230.0	334.0
1066	270.0	283.0
1067	258.0	284.0
1068	264.0	283.0
1069	269.0	288.0
1070	240.0	285.0
1071	260.0	275.0
1072	225.0	299.0
1073	219.0	358.0
1074	196.0	277.0
1075	196.0	288.0
1076	205.0	278.0
1077	219.0	332.0
1078	239.0	267.0
1079	222.0	354.0
1080	221.0	245.0
1081	181.0	272.0
1082	216.0	252.0
1083	202.0	281.0
1084	206.0	253.0
1085	213.0	244.0
1086	193.0	317.0
1087	204.0	239.0
1088	206.0	255.0
1089	214.0	304.0
1090	261.0	282.0
1091	224.0	240.0
1092	220.0	241.0
1093	199.0	239.0
1094	212.0	240.0
1095	197.0	235.0
1096	176.0	325.0
1097	189.0	265.0
1098	163.0	232.0
1099	154.0	237.0
1100	165.0	230.0
1101	169.0	250.0
1102	148.0	222.0
1103	139.0	248.0
1104	147.0	227.0
1105	137.0	222.0
1106	136.0	230.0
1107	124.0	237.0
1108	135.0	216.0
1109	137.0	240.0
1110	139.0	238.0
1111	148.0	247.0
1112	155.0	272.0
1113	153.0	259.0
1114	116.0	253.0
1115	117.0	250.0
1116	130.0	275.0
1117	136.0	255.0
1118	136.0	273.0
1119	125.0	256.0
1120	112.0	271.0
1121	136.0	278.0
1122	112.0	281.0
1123	123.0	270.0
1124	109.0	281.0
1125	95.0	281.0
1126	112.0	285.0
1127	105.0	276.0
1128	99.0	273.0
1129	84.0	275.0
1130	112.0	275.0
1131	111.0	291.0
1132	92.0	287.0
1133	106.0	316.0
1134	112.0	277.0
1135	105.0	278.0
1136	101.0	305.0
1137	96.0	292.0
1138	95.0	303.0
1139	89.0	299.0
1140	98.0	292.0
1141	98.0	337.0
1142	102.0	285.0
1143	93.0	279.0
1144	84.0	292.0
1145	83.0	304.0
1146	95.0	298.0
1147	82.0	256.0
1148	75.0	293.0
1149	83.0	343.0
1150	80.0	297.0
1151	86.0	274.0
1152	81.0	339.0
1153	107.0	280.0
1154	104.0	285.0
1155	89.0	280.0
1156	84.0	292.0
1157	96.0	276.0
1158	91.0	271.0
1159	107.0	257.0
1160	95.0	295.0
1161	97.0	257.0
1162	84.0	280.0
1163	101.0	329.0
1164	109.0	310.0
1165	100.0	250.0
1166	125.0	255.0
1167	98.0	267.0
1168	123.0	273.0
1169	103.0	276.0
1170	118.0	278.0
1171	96.0	312.0
1172	123.0	251.0
1173	120.0	272.0
1174	115.0	268.0
1175	116.0	295.0
1176	119.0	265.0
1177	134.0	213.0
1178	113.0	229.0
1179	123.0	203.0
1180	137.0	284.0
1181	141.0	232.0
1182	142.0	209.0
1183	168.0	195.0
1184	188.0	278.0
1185	160.0	177.0
1186	153.0	214.0
1187	159.0	206.0
1188	161.0	202.0
1189	159.0	206.0
1190	169.0	227.0
1191	158.0	232.0
1192	169.0	202.0
1193	147.0	205.0
1194	162.0	227.0
1195	152.0	228.0
1196	151.0	194.0
1197	143.0	215.0
1198	130.0	189.0
1199	138.0	214.0
1200	149.0	156.0
1201	165.0	164.0
1202	187.0	179.0
1203	152.0	210.0
1204	155.0	217.0
1205	165.0	208.0
1206	168.0	150.0
1207	162.0	159.0
1208	142.0	178.0
1209	144.0	140.0
1210	152.0	178.0
1211	174.0	169.0
1212	171.0	170.0
1213	152.0	164.0
1214	163.0	175.0
1215	148.0	182.0
1216	162.0	179.0
1217	167.0	166.0
1218	171.0	145.0
1219	162.0	171.0
1220	134.0	127.0
1221	150.0	136.0
1222	130.0	143.0
1223	144.0	136.0
1224	113.0	141.0
1225	123.0	162.0
1226	131.0	134.0
1227	122.0	161.0
1228	127.0	135.0
1229	126.0	103.0
1230	131.0	132.0
1231	129.0	117.0
1232	131.0	103.0
1233	125.0	120.0
1234	144.0	124.0
1235	130.0	116.0
1236	129.0	125.0
1237	127.0	113.0
1238	137.0	115.0
1239	135.0	98.0
1240	140.0	119.0
1241	107.0	101.0
1242	112.0	94.0
1243	111.0	110.0
1244	120.0	98.0
1245	128.0	104.0
1246	114.0	86.0
1247	116.0	94.0
1248	117.0	102.0
1249	114.0	112.0
1250	119.0	114.0
1251	118.0	113.0
1252	128.0	97.0
1253	108.0	107.0
1254	111.0	100.0
1255	128.0	105.0
1256	115.0	92.0
1257	116.0	102.0
1258	107.0	94.0
1259	121.0	90.0
1260	110.0	89.0
1261	106.0	96.0
1262	115.0	79.0
1263	101.0	85.0
1264	110.0	97.0
1265	113.0	79.0
1266	109.0	74.0
1267	111.0	102.0
1268	102.0	91.0
1269	112.0	93.0
1270	99.0	97.0
1271	103.0	93.0
1272	98.0	117.0
1273	116.0	109.0
1274	106.0	113.0
1275	107.0	136.0
1276	98.0	115.0
1277	108.0	123.0
1278	108.0	121.0
1279	96.0	126.0
1280	107.0	93.0
1281	117.0	103.0
1282	116.0	128.0
1283	104.0	132.0
1284	103.0	108.0
1285	95.0	151.0
1286	99.0	127.0
1287	115.0	124.0
1288	125.0	119.0
1289	121.0	118.0
1290	124.0	108.0
1291	95.0	127.0
1292	122.0	116.0
1293	106.0	114.0
1294	129.0	124.0
1295	120.0	116.0
1296	116.0	145.0
1297	115.0	85.0
1298	94.0	91.0
1299	98.0	85.0
1300	99.0	111.0
1301	104.0	92.0
1302	127.0	88.0
1303	99.0	89.0
1304	117.0	100.0
1305	125.0	83.0
1306	132.0	100.0
1307	146.0	90.0
1308	133.0	110.0
1309	149.0	90.0
1310	143.0	116.0
1311	149.0	79.0
1312	136.0	113.0
1313	131.0	97.0
1314	152.0	85.0
1315	130.0	93.0
1316	141.0	92.0
1317	132.0	99.0
1318	143.0	95.0
1319	117.0	86.0
1320	143.0	115.0
1321	128.0	122.0
1322	121.0	130.0
1323	118.0	94.0
1324	116.0	114.0
1325	102.0	131.0
1326	102.0	119.0
1327	116.0	120.0
1328	127.0	100.0
1329	102.0	106.0
1330	93.0	119.0
1331	104.0	121.0
1332	116.0	108.0
1333	103.0	159.0
1334	119.0	140.0
1335	116.0	122.0
1336	118.0	132.0
1337	129.0	182.0
1338	126.0	125.0
1339	128.0	106.0
1340	113.0	112.0
1341	119.0	108.0
1342	118.0	112.0
1343	142.0	103.0
1344	136.0	152.0
1345	117.0	123.0
1346	117.0	122.0
1347	126.0	124.0
1348	127.0	127.0
1349	120.0	118.0
1350	128.0	123.0
1351	118.0	97.0
1352	106.0	87.0
1353	123.0	92.0
1354	117.0	128.0
1355	116.0	126.0
1356	119.0	106.0
1357	112.0	113.0
1358	114.0	131.0
1359	115.0	139.0
1360	103.0	111.0
1361	112.0	96.0
1362	122.0	101.0
1363	105.0	124.0
1364	103.0	102.0
1365	112.0	88.0
1366	110.0	109.0
1367	102.0	95.0
1368	121.0	124.0
1369	110.0	104.0
1370	128.0	101.0
1371	129.0	94.0
1372	109.0	99.0
1373	109.0	102.0
1374	122.0	103.0
1375	110.0	94.0
1376	122.0	103.0
1377	126.0	86.0
1378	110.0	91.0
1379	128.0	82.0
1380	131.0	110.0
1381	129.0	78.0
1382	103.0	82.0
1383	107.0	101.0
1384	101.0	103.0
1385	104.0	118.0
1386	116.0	91.0
1387	97.0	111.0
1388	98.0	106.0
1389	97.0	104.0
1390	102.0	96.0
1391	99.0	124.0
1392	93.0	131.0
1393	70.0	112.0
1394	72.0	108.0
1395	76.0	116.0
1396	80.0	123.0
1397	89.0	131.0
1398	88.0	118.0
1399	73.0	104.0
1400	92.0	118.0
1401	82.0	117.0
1402	79.0	113.0
1403	68.0	105.0
1404	72.0	102.0
1405	93.0	121.0
1406	77.0	121.0
1407	86.0	106.0
1408	67.0	113.0
1409	77.0	103.0
1410	94.0	133.0
1411	67.0	133.0
1412	64.0	122.0
1413	67.0	100.0
1414	62.0	102.0
1415	80.0	118.0
1416	80.0	106.0
1417	53.0	87.0
1418	69.0	67.0
1419	73.0	101.0
1420	88.0	95.0
1421	75.0	100.0
1422	76.0	84.0
1423	59.0	86.0
1424	90.0	104.0
1425	80.0	83.0
1426	69.0	76.0
1427	75.0	93.0
1428	66.0	95.0
1429	57.0	91.0
1430	61.0	111.0
1431	80.0	85.0
1432	67.0	106.0
1433	57.0	128.0
1434	65.0	87.0
1435	52.0	134.0
1436	68.0	77.0
1437	73.0	70.0
1438	56.0	71.0
1439	59.0	86.0
1440	61.0	66.0
1441	69.0	112.0
1442	54.0	97.0
1443	62.0	70.0
1444	63.0	110.0
1445	78.0	58.0
1446	67.0	82.0
1447	65.0	69.0
1448	71.0	79.0
1449	77.0	88.0
1450	102.0	78.0
1451	78.0	73.0
1452	83.0	66.0
1453	85.0	70.0
1454	69.0	92.0
1455	70.0	66.0
1456	81.0	69.0
1457	78.0	58.0
1458	91.0	56.0
1459	79.0	53.0
1460	83.0	86.0
1461	71.0	70.0
1462	67.0	56.0
1463	76.0	70.0
1464	72.0	54.0
1465	52.0	53.0
1466	71.0	68.0
1467	60.0	64.0
1468	76.0	83.0
1469	69.0	78.0
1470	76.0	65.0
1471	81.0	77.0
1472	97.0	93.0
1473	86.0	102.0
1474	91.0	78.0
1475	85.0	73.0
1476	82.0	77.0
1477	86.0	74.0
1478	77.0	73.0
1479	73.0	67.0
1480	52.0	71.0
1481	68.0	93.0
1482	73.0	77.0
1483	64.0	77.0
1484	67.0	75.0
1485	46.0	64.0
1486	54.0	86.0
1487	57.0	70.0
1488	65.0	70.0
1489	70.0	54.0
1490	56.0	58.0
1491	67.0	70.0
1492	66.0	58.0
1493	54.0	67.0
1494	48.0	59.0
1495	57.0	70.0
1496	54.0	63.0
1497	61.0	69.0
1498	53.0	67.0
1499	56.0	55.0
1500	61.0	51.0
1501	54.0	59.0
1502	55.0	61.0
1503	45.0	59.0
1504	50.0	57.0
1505	75.0	56.0
1506	67.0	59.0
1507	59.0	46.0
1508	69.0	60.0
1509	56.0	62.0
1510	59.0	60.0
1511	53.0	66.0
1512	49.0	68.0
1513	45.0	67.0
1514	54.0	66.0
1515	50.0	47.0
1516	70.0	66.0
1517	55.0	44.0
1518	56.0	62.0
1519	53.0	64.0
1520	52.0	69.0
1521	55.0	74.0
1522	47.0	64.0
1523	59.0	62.0
1524	61.0	106.0
1525	59.0	63.0
1526	53.0	101.0
1527	49.0	48.0
1528	60.0	91.0
1529	61.0	58.0
1530	62.0	62.0
1531	73.0	53.0
1532	62.0	51.0
1533	51.0	80.0
1534	68.0	80.0
1535	74.0	69.0
1536	69.0	67.0
1537	79.0	69.0
1538	66.0	71.0
1539	78.0	80.0
1540	74.0	74.0
1541	77.0	93.0
1542	70.0	71.0
1543	70.0	59.0
1544	76.0	56.0
1545	81.0	63.0
1546	80.0	57.0
1547	78.0	79.0
1548	84.0	76.0
1549	85.0	93.0
1550	84.0	72.0
1551	92.0	75.0
1552	96.0	69.0
1553	104.0	69.0
1554	103.0	77.0
1555	105.0	74.0
1556	89.0	49.0
1557	90.0	63.0
1558	100.0	66.0
1559	89.0	46.0
1560	97.0	44.0
1561	90.0	60.0
1562	80.0	100.0
1563	91.0	84.0
1564	96.0	67.0
1565	95.0	64.0
1566	93.0	70.0
1567	100.0	57.0
1568	96.0	59.0
1569	105.0	73.0
1570	86.0	62.0
1571	85.0	60.0
1572	103.0	55.0
1573	94.0	72.0
1574	75.0	86.0
1575	88.0	71.0
1576	84.0	52.0
1577	90.0	64.0
1578	83.0	77.0
1579	82.0	63.0
1580	84.0	69.0
1581	74.0	82.0
1582	92.0	76.0
1583	84.0	92.0
1584	80.0	69.0
1585	76.0	74.0
1586	78.0	73.0
1587	106.0	70.0
1588	115.0	45.0
1589	108.0	63.0
1590	91.0	83.0
1591	111.0	76.0
1592	110.0	61.0
1593	100.0	84.0
1594	110.0	99.0
1595	108.0	74.0
1596	98.0	75.0
1597	111.0	82.0
1598	120.0	85.0
1599	109.0	100.0
1600	94.0	74.0
1601	77.0	88.0
1602	84.0	77.0
1603	95.0	81.0
1604	104.0	79.0
1605	94.0	75.0
1606	104.0	71.0
1607	82.0	72.0
1608	94.0	93.0
1609	93.0	82.0
1610	73.0	80.0
1611	87.0	97.0
1612	64.0	87.0
1613	75.0	68.0
1614	87.0	66.0
1615	82.0	92.0
1616	77.0	87.0
1617	70.0	60.0
1618	72.0	70.0
1619	71.0	69.0
1620	71.0	96.0
1621	92.0	82.0
1622	70.0	72.0
1623	66.0	64.0
1624	77.0	70.0
1625	83.0	70.0
1626	96.0	70.0
1627	102.0	78.0
1628	95.0	92.0
1629	91.0	74.0
1630	106.0	85.0
1631	84.0	94.0
1632	98.0	66.0
1633	117.0	85.0
1634	90.0	89.0
1635	115.0	73.0
1636	107.0	77.0
1637	125.0	71.0
1638	122.0	77.0
1639	103.0	89.0
1640	107.0	77.0
1641	103.0	61.0
1642	84.0	64.0
1643	101.0	71.0
1644	101.0	67.0
1645	104.0	74.0
1646	118.0	62.0
1647	107.0	89.0
1648	118.0	69.0
1649	122.0	75.0
1650	128.0	72.0
1651	94.0	68.0
1652	93.0	60.0
1653	112.0	71.0
1654	134.0	70.0
1655	125.0	69.0
1656	111.0	72.0
1657	105.0	88.0
1658	91.0	79.0
1659	107.0	89.0
1660	101.0	76.0
1661	87.0	70.0
1662	94.0	75.0
1663	98.0	85.0
1664	103.0	67.0
1665	96.0	70.0
1666	103.0	70.0
1667	104.0	69.0
1668	82.0	74.0
1669	94.0	86.0
1670	102.0	74.0
1671	96.0	76.0
1672	99.0	70.0
1673	93.0	69.0
1674	88.0	74.0
1675	108.0	65.0
1676	109.0	45.0
1677	110.0	64.0
1678	95.0	63.0
1679	88.0	70.0
1680	108.0	46.0
1681	107.0	61.0
1682	91.0	49.0
1683	104.0	55.0
1684	104.0	59.0
1685	109.0	52.0
1686	116.0	53.0
1687	120.0	70.0
1688	133.0	60.0
1689	108.0	59.0
1690	92.0	69.0
1691	100.0	65.0
1692	100.0	51.0
1693	112.0	69.0
1694	131.0	69.0
1695	110.0	80.0
1696	120.0	83.0
1697	113.0	70.0
1698	113.0	73.0
1699	129.0	72.0
1700	111.0	83.0
1701	100.0	68.0
1702	102.0	78.0
1703	122.0	84.0
1704	118.0	74.0
1705	112.0	68.0
1706	133.0	69.0
1707	136.0	79.0
1708	123.0	63.0
1709	153.0	74.0
1710	153.0	92.0
1711	135.0	104.0
1712	130.0	90.0
1713	106.0	91.0
1714	134.0	89.0
1715	144.0	96.0
1716	116.0	107.0
1717	138.0	89.0
1718	146.0	108.0
1719	157.0	101.0
1720	161.0	117.0
1721	131.0	112.0
1722	140.0	105.0
1723	141.0	109.0
1724	146.0	112.0
1725	112.0	114.0
1726	147.0	114.0
1727	148.0	77.0
1728	137.0	93.0
1729	130.0	87.0
1730	139.0	101.0
1731	121.0	96.0
1732	114.0	95.0
1733	122.0	72.0
1734	110.0	98.0
1735	130.0	93.0
1736	118.0	93.0
1737	124.0	85.0
1738	122.0	89.0
1739	120.0	95.0
1740	122.0	81.0
1741	105.0	73.0
1742	124.0	89.0
1743	136.0	82.0
1744	158.0	111.0
1745	133.0	84.0
1746	143.0	81.0
1747	161.0	95.0
1748	129.0	95.0
1749	158.0	95.0
1750	155.0	116.0
1751	146.0	110.0
1752	173.0	99.0
1753	139.0	85.0
1754	150.0	128.0
1755	169.0	139.0
1756	161.0	119.0
1757	176.0	95.0
1758	162.0	114.0
1759	178.0	124.0
1760	165.0	141.0
1761	191.0	124.0
1762	180.0	128.0
1763	169.0	115.0
1764	182.0	122.0
1765	177.0	104.0
1766	185.0	136.0
1767	184.0	135.0
1768	177.0	123.0
1769	174.0	140.0
1770	164.0	133.0
1771	172.0	122.0
1772	164.0	135.0
1773	165.0	132.0
1774	143.0	132.0
1775	158.0	148.0
1776	165.0	143.0
1777	157.0	135.0
1778	153.0	143.0
1779	150.0	124.0
1780	156.0	130.0
1781	165.0	106.0
1782	135.0	119.0
1783	142.0	123.0
1784	151.0	117.0
1785	156.0	124.0
1786	178.0	115.0
1787	175.0	114.0
1788	138.0	131.0
1789	146.0	137.0
1790	172.0	132.0
1791	159.0	115.0
1792	144.0	118.0
1793	172.0	108.0
1794	180.0	96.0
1795	185.0	115.0
1796	193.0	125.0
1797	184.0	151.0
1798	196.0	123.0
1799	211.0	101.0
1800	174.0	120.0
1801	164.0	122.0
1802	187.0	111.0
1803	184.0	121.0
1804	175.0	112.0
1805	176.0	106.0
1806	192.0	98.0
1807	192.0	107.0
1808	192.0	102.0
1809	183.0	105.0
1810	150.0	111.0
1811	146.0	95.0
1812	165.0	88.0
1813	152.0	109.0
1814	150.0	98.0
1815	145.0	112.0
1816	131.0	106.0
1817	122.0	96.0
1818	144.0	98.0
1819	154.0	109.0
1820	170.0	106.0
1821	194.0	103.0
1822	187.0	101.0
1823	190.0	103.0
1824	186.0	109.0
1825	220.0	119.0
1826	193.0	107.0
1827	191.0	111.0
1828	219.0	113.0
1829	178.0	110.0
1830	183.0	125.0
1831	191.0	118.0
1832	157.0	109.0
1833	163.0	116.0
1834	161.0	110.0
1835	146.0	111.0
1836	126.0	120.0
1837	121.0	133.0
1838	134.0	127.0
1839	124.0	99.0
1840	133.0	132.0
1841	134.0	115.0
1842	117.0	133.0
1843	116.0	145.0
1844	133.0	102.0
1845	114.0	127.0
1846	129.0	121.0
1847	123.0	141.0
1848	139.0	144.0
1849	119.0	132.0
1850	131.0	143.0
1851	122.0	134.0
1852	125.0	118.0
1853	125.0	130.0
1854	117.0	106.0
1855	125.0	127.0
1856	138.0	105.0
1857	141.0	124.0
1858	130.0	149.0
1859	136.0	148.0
1860	144.0	134.0
1861	159.0	159.0
1862	138.0	130.0
1863	144.0	140.0
1864	147.0	164.0
1865	163.0	131.0
1866	177.0	149.0
1867	138.0	147.0
1868	169.0	152.0
1869	152.0	138.0
1870	160.0	147.0
1871	158.0	142.0
1872	157.0	150.0
1873	190.0	158.0
1874	161.0	141.0
1875	166.0	153.0
1876	200.0	154.0
1877	180.0	163.0
1878	188.0	150.0
1879	159.0	152.0
1880	164.0	140.0
1881	160.0	172.0
1882	157.0	144.0
1883	176.0	147.0
1884	178.0	144.0
1885	166.0	140.0
1886	151.0	157.0
1887	131.0	131.0
1888	145.0	154.0
1889	137.0	140.0
1890	141.0	142.0
1891	122.0	151.0
1892	150.0	139.0
1893	151.0	149.0
1894	175.0	155.0
1895	153.0	151.0
1896	125.0	149.0
1897	142.0	142.0
1898	123.0	129.0
1899	154.0	129.0
1900	133.0	185.0
1901	116.0	173.0
1902	141.0	167.0
1903	122.0	177.0
1904	139.0	143.0
1905	143.0	151.0
1906	168.0	147.0
1907	137.0	175.0
1908	111.0	166.0
1909	142.0	133.0
1910	134.0	122.0
1911	139.0	126.0
1912	124.0	146.0
1913	136.0	147.0
1914	135.0	136.0
1915	127.0	138.0
1916	137.0	149.0
1917	131.0	154.0
1918	137.0	159.0
1919	140.0	172.0
1920	115.0	128.0
1921	120.0	162.0
1922	131.0	145.0
1923	136.0	165.0
1924	127.0	172.0
1925	126.0	156.0
1926	140.0	143.0
1927	151.0	138.0
1928	168.0	175.0
1929	158.0	152.0
1930	186.0	158.0
1931	145.0	151.0
1932	158.0	146.0
1933	184.0	152.0
1934	198.0	144.0
1935	215.0	172.0
1936	216.0	169.0
1937	199.0	124.0
1938	225.0	127.0
1939	216.0	131.0
1940	227.0	150.0
1941	243.0	190.0
1942	234.0	151.0
1943	203.0	170.0
1944	188.0	142.0
1945	172.0	152.0
1946	197.0	199.0
1947	232.0	158.0
1948	198.0	202.0
1949	185.0	174.0
1950	166.0	203.0
1951	196.0	201.0
1952	195.0	180.0
1953	202.0	199.0
1954	190.0	183.0
1955	189.0	179.0
1956	194.0	208.0
1957	209.0	197.0
1958	227.0	190.0
1959	218.0	192.0
1960	216.0	177.0
1961	218.0	204.0
1962	177.0	177.0
1963	188.0	201.0
1964	171.0	166.0
1965	169.0	175.0
1966	199.0	172.0
1967	182.0	205.0
1968	184.0	223.0
1969	195.0	191.0
1970	160.0	204.0
1971	162.0	201.0
1972	169.0	214.0
1973	178.0	175.0
1974	165.0	178.0
1975	192.0	191.0
1976	183.0	155.0
1977	192.0	179.0
1978	165.0	198.0
1979	168.0	183.0
1980	214.0	151.0
1981	229.0	192.0
1982	192.0	190.0
1983	173.0	190.0
1984	175.0	204.0
1985	182.0	193.0
1986	171.0	195.0
1987	164.0	175.0
1988	148.0	217.0
1989	156.0	186.0
1990	142.0	192.0
1991	133.0	163.0
1992	137.0	175.0
1993	134.0	181.0
1994	119.0	214.0
1995	126.0	175.0
1996	145.0	186.0
1997	144.0	222.0
1998	169.0	171.0
1999	158.0	170.0
